2
109
5
6
20
0.5
0.7
400
6001000195 6001000196 6001000197 6001000198 6001000199 6001000200 6001000201 6001000202 6001000203 6001000204 6001000205 6001000206 6001000225 6001000226 6001000227 6001000228 6001000229 6001000230 6001000231 6001000232 6001000233 6001000234 6001000235 6001000236 6001000255 6001000256 6001000257 6001000258 6001000259 6001000260 6001000261 6001000262 6001000263 6001000264 6001000265 6001000266 6001000277 6001000285 6001000286 6001000287 6001000288 6001000289 6001000291 6001000292 6001000293 6001000294 6001000295 6001000296 6001000316 6001000317 6001000318 6001000319 6001000320 6001000321 6001000322 6001000323 6001000324 6001000325 6001000326 6001000346 6001000347 6001000348 6001000349 6001000350 6001000351 6001000352 6001000353 6001000354 6001000355 6001000356 6001000375 6001000376 6001000377 6001000378 6001000379 6001000380 6001000381 6001000382 6001000383 6001000384 6001000385 6001000386 6001000415 6001000416 6001000417 6001000445 6001000446 6001000447 6001000448 6001000449 6001000450 6001000451 6001000452 6001000453 6001000454 6001000455 6001000456 6001000515 6001000516 6001000517 6001000518 6001000519 6001000520 6001000521 6001000522 6001000523 6001000524 6001000525 6001000526 
62.693125 35.9 15.12625 20.335625 43.591875 41.87375 44.66375 17.269375 17.7275 11.90625 14.256875 11.28375 24.998125 31.38125 22.401875 11.64625 22.46125 18.83 30.76375 13.60125 16.831875 13.606875 11.888125 40.175 29.215625 21.92875 24.486875 36.209375 101.215 52.035 40.315 38.125 20.485 24.67375 25.31625 33.851875 10.015 43.035 36.905 40.2525 52.596875 21.911875 46.483125 28.918125 20.805 17.016875 26.259375 40.81125 87.973125 44.080625 62.9975 58.178125 42.76 71.3925 34.0175 19.9525 7.020625 30.48875 18.765 42.92625 50.64875 67.41375 72.4275 46.53 85.551875 35.110625 19.284375 26.23625 35.069375 25.8725 69.29625 40.603125 36.739375 32.5375 41.29875 18.3225 45.171875 29.55625 20.8925 16.729375 32.505 21.785625 13.069375 38.6625 39.1875 31.18875 33.0675 32.5675 16.584375 62.519375 23.361875 34.41625 31.155 23.0475 12.161875 35.016875 34.05625 18.50625 16.806875 39.599375 32.135625 66.773125 47.093125 65.66125 64.6975 35.983125 43.43125 52.2625 
1 1 1 1 1 1 1 1 1 1 1 1 1 1 3 1 1 1 1 1 1 1 1 1 1 1 1 1 1 1 1 1 1 1 1 3 1 1 1 1 1 1 2 1 1 1 1 1 1 1 1 1 1 1 1 1 1 1 1 1 1 1 1 1 1 1 1 1 2 1 1 1 1 1 1 1 1 1 1 1 1 1 1 1 1 1 1 1 1 1 1 1 1 1 1 1 1 1 2 1 2 1 1 2 1 1 1 1 
1.000000 0.800000 0.600000 0.400000 0.200000 
0.080274454 0.177707698 0.283211088 0.370540368 0.477578287 0.588923496 0.70661081 0.813273634 0.888931873 0.960524633 1.037873758 0.045901544 0.086161403 0.17906954 0.282776603 0.372359 0.475081545 0.589702537 0.705646033 0.813999217 0.891415746 0.958797651 1.030632131 0.100727391 0.124656671 0.200269835 0.298234872 0.382808842 0.48675722 0.596627872 0.709715526 0.818463901 0.892993834 0.96118994 1.040550176 0.223098733 0.15024124 0.182595073 0.253025459 0.325597794 0.504907782 0.613315923 0.720122379 0.830243009 0.906140829 0.970541576 1.053200319 0.254875299 0.29601674 0.372420355 0.441471521 0.529227484 0.632483599 0.735214958 0.846446425 0.921967284 0.985765657 1.06583675 0.309505871 0.363846182 0.438717948 0.504146395 0.577269597 0.670099534 0.764923733 0.872249957 0.947596842 1.007279733 1.085680601 0.314455283 0.358337961 0.426349038 0.51566083 0.584534302 0.630422496 0.715780579 0.806288759 0.910731824 0.983351804 1.039587461 1.116325608 0.386961523 0.425749852 0.487351667 0.482730124 0.505480043 0.542792433 0.576532409 0.63397261 0.677506873 0.765027716 0.850895218 0.949658907 1.021082148 1.07483939 1.148636736 0.592889421 0.599855188 0.629415513 0.660371203 0.697212092 0.755979722 0.828040987 0.905615628 0.999121696 1.066607515 1.117860204 1.188531393 
0.080274454 0.177707698 0.283211088 0.370540368 0.477578287 0.588923496 0.70661081 0.813273634 0.888931873 0.960524633 1.037873758 0.045901544 0.086161403 0.17906954 0.282776603 0.372359 0.475081545 0.589702537 0.705646033 0.813999217 0.891415746 0.958797651 1.030632131 0.100727391 0.124656671 0.200269835 0.298234872 0.382808842 0.48675722 0.596627872 0.709715526 0.818463901 0.892993834 0.96118994 1.040550176 0.223098733 0.15024124 0.182595073 0.253025459 0.325597794 0.504907782 0.613315923 0.720122379 0.830243009 0.906140829 0.970541576 1.053200319 0.254875299 0.29601674 0.372420355 0.441471521 0.529227484 0.632483599 0.735214958 0.846446425 0.921967284 0.985765657 1.06583675 0.309505871 0.363846182 0.438717948 0.504146395 0.577269597 0.670099534 0.764923733 0.872249957 0.947596842 1.007279733 1.085680601 0.314455283 0.358337961 0.426349038 0.51566083 0.584534302 0.630422496 0.715780579 0.806288759 0.910731824 0.983351804 1.039587461 1.116325608 0.386961523 0.425749852 0.487351667 0.482730124 0.505480043 0.542792433 0.576532409 0.63397261 0.677506873 0.765027716 0.850895218 0.949658907 1.021082148 1.07483939 1.148636736 0.592889421 0.599855188 0.629415513 0.660371203 0.697212092 0.755979722 0.828040987 0.905615628 0.999121696 1.066607515 1.117860204 1.188531393 
