2
25
3
0
20
0.5
0.7
200
6001000195 6001000196 6001000197 6001000198 6001000199 6001000200 6001000201 6001000202 6001000203 6001000204 6001000205 6001000206 6001000225 6001000226 6001000227 6001000228 6001000229 6001000230 6001000231 6001000232 6001000233 6001000234 6001000235 6001000236 6001000255 
62.693125 35.9 15.12625 20.335625 43.591875 41.87375 44.66375 17.269375 17.7275 11.90625 14.256875 11.28375 24.998125 31.38125 22.401875 11.64625 22.46125 18.83 30.76375 13.60125 16.831875 13.606875 11.888125 40.175
2	5	4	3	4	2	3	2	2	1	1	1	2	1	5	4	2	3	3	4	5	2	5	2
1.000000 0.666667 0.333333 
22.37	28.04	26.81	24.67	21.74	24.44	21.61	21.49	23.51	28.78	23.52	28.41	29.52	22.36	29.66	25.62	28.28	24.65	24.34	21.32	23.07	27.80	22.32	28.45
22.37	28.04	26.81	24.67	21.74	24.44	21.61	21.49	23.51	28.78	23.52	28.41	29.52	22.36	29.66	25.62	28.28	24.65	24.34	21.32	23.07	27.80	22.32	28.45
 