5
109
5
6
20
0.5
0.7
400
6001000195 6001000196 6001000197 6001000198 6001000199 6001000200 6001000201 6001000202 6001000203 6001000204 6001000205 6001000206 6001000225 6001000226 6001000227 6001000228 6001000229 6001000230 6001000231 6001000232 6001000233 6001000234 6001000235 6001000236 6001000255 6001000256 6001000257 6001000258 6001000259 6001000260 6001000261 6001000262 6001000263 6001000264 6001000265 6001000266 6001000277 6001000285 6001000286 6001000287 6001000288 6001000289 6001000291 6001000292 6001000293 6001000294 6001000295 6001000296 6001000316 6001000317 6001000318 6001000319 6001000320 6001000321 6001000322 6001000323 6001000324 6001000325 6001000326 6001000346 6001000347 6001000348 6001000349 6001000350 6001000351 6001000352 6001000353 6001000354 6001000355 6001000356 6001000375 6001000376 6001000377 6001000378 6001000379 6001000380 6001000381 6001000382 6001000383 6001000384 6001000385 6001000386 6001000415 6001000416 6001000417 6001000445 6001000446 6001000447 6001000448 6001000449 6001000450 6001000451 6001000452 6001000453 6001000454 6001000455 6001000456 6001000515 6001000516 6001000517 6001000518 6001000519 6001000520 6001000521 6001000522 6001000523 6001000524 6001000525 6001000526 
62.693125 35.9 15.12625 20.335625 43.591875 41.87375 44.66375 17.269375 17.7275 11.90625 14.256875 11.28375 24.998125 31.38125 22.401875 11.64625 22.46125 18.83 30.76375 13.60125 16.831875 13.606875 11.888125 40.175 29.215625 21.92875 24.486875 36.209375 101.215 52.035 40.315 38.125 20.485 24.67375 25.31625 33.851875 10.015 43.035 36.905 40.2525 52.596875 21.911875 46.483125 28.918125 20.805 17.016875 26.259375 40.81125 87.973125 44.080625 62.9975 58.178125 42.76 71.3925 34.0175 19.9525 7.020625 30.48875 18.765 42.92625 50.64875 67.41375 72.4275 46.53 85.551875 35.110625 19.284375 26.23625 35.069375 25.8725 69.29625 40.603125 36.739375 32.5375 41.29875 18.3225 45.171875 29.55625 20.8925 16.729375 32.505 21.785625 13.069375 38.6625 39.1875 31.18875 33.0675 32.5675 16.584375 62.519375 23.361875 34.41625 31.155 23.0475 12.161875 35.016875 34.05625 18.50625 16.806875 39.599375 32.135625 66.773125 47.093125 65.66125 64.6975 35.983125 43.43125 52.2625 
1 1 1 1 1 1 1 1 1 1 1 1 1 1 3 1 1 1 1 1 1 1 1 1 1 1 1 1 1 1 1 1 1 1 1 3 1 1 1 1 1 1 2 1 1 1 1 1 1 1 1 1 1 1 1 1 1 1 1 1 1 1 1 1 1 1 1 1 2 1 1 1 1 1 1 1 1 1 1 1 1 1 1 1 1 1 1 1 1 1 1 1 1 1 1 1 1 1 2 1 2 1 1 2 1 1 1 1 
1.000000 0.800000 0.600000 0.400000 0.200000 
6001000195 6001000195 0.0
6001000195 6001000196 0.080274454 
6001000195 6001000197 0.177707698 
6001000195 6001000198 0.283211088 
6001000195 6001000199 0.370540368 
6001000195 6001000200 0.477578287 
6001000195 6001000201 0.588923496 
6001000195 6001000202 0.70661081 
6001000195 6001000203 0.813273634 
6001000195 6001000204 0.888931873 
6001000195 6001000205 0.960524633 
6001000195 6001000206 1.037873758 
6001000195 6001000225 0.045901544 
6001000195 6001000226 0.086161403 
6001000195 6001000227 0.17906954 
6001000195 6001000228 0.282776603 
6001000195 6001000229 0.372359 
6001000195 6001000230 0.475081545 
6001000195 6001000231 0.589702537 
6001000195 6001000232 0.705646033 
6001000195 6001000233 0.813999217 
6001000195 6001000234 0.891415746 
6001000195 6001000235 0.958797651 
6001000195 6001000236 1.030632131 
6001000195 6001000255 0.100727391 
6001000195 6001000256 0.124656671 
6001000195 6001000257 0.200269835 
6001000195 6001000258 0.298234872 
6001000195 6001000259 0.382808842 
6001000195 6001000260 0.48675722 
6001000195 6001000261 0.596627872 
6001000195 6001000262 0.709715526 
6001000195 6001000263 0.818463901 
6001000195 6001000264 0.892993834 
6001000195 6001000265 0.96118994 
6001000195 6001000266 1.040550176 
6001000195 6001000277 0.223098733 
6001000195 6001000285 0.15024124 
6001000195 6001000286 0.182595073 
6001000195 6001000287 0.253025459 
6001000195 6001000288 0.325597794 
6001000195 6001000289 0.504907782 
6001000195 6001000291 0.613315923 
6001000195 6001000292 0.720122379 
6001000195 6001000293 0.830243009 
6001000195 6001000294 0.906140829 
6001000195 6001000295 0.970541576 
6001000195 6001000296 1.053200319 
6001000195 6001000316 0.254875299 
6001000195 6001000317 0.29601674 
6001000195 6001000318 0.372420355 
6001000195 6001000319 0.441471521 
6001000195 6001000320 0.529227484 
6001000195 6001000321 0.632483599 
6001000195 6001000322 0.735214958 
6001000195 6001000323 0.846446425 
6001000195 6001000324 0.921967284 
6001000195 6001000325 0.985765657 
6001000195 6001000326 1.06583675 
6001000195 6001000346 0.309505871 
6001000195 6001000347 0.363846182 
6001000195 6001000348 0.438717948 
6001000195 6001000349 0.504146395 
6001000195 6001000350 0.577269597 
6001000195 6001000351 0.670099534 
6001000195 6001000352 0.764923733 
6001000195 6001000353 0.872249957 
6001000195 6001000354 0.947596842 
6001000195 6001000355 1.007279733 
6001000195 6001000356 1.085680601 
6001000195 6001000375 0.314455283 
6001000195 6001000376 0.358337961 
6001000195 6001000377 0.426349038 
6001000195 6001000378 0.51566083 
6001000195 6001000379 0.584534302 
6001000195 6001000380 0.630422496 
6001000195 6001000381 0.715780579 
6001000195 6001000382 0.806288759 
6001000195 6001000383 0.910731824 
6001000195 6001000384 0.983351804 
6001000195 6001000385 1.039587461 
6001000195 6001000386 1.116325608 
6001000195 6001000415 0.386961523 
6001000195 6001000416 0.425749852 
6001000195 6001000417 0.487351667 
6001000195 6001000445 0.482730124 
6001000195 6001000446 0.505480043 
6001000195 6001000447 0.542792433 
6001000195 6001000448 0.576532409 
6001000195 6001000449 0.63397261 
6001000195 6001000450 0.677506873 
6001000195 6001000451 0.765027716 
6001000195 6001000452 0.850895218 
6001000195 6001000453 0.949658907 
6001000195 6001000454 1.021082148 
6001000195 6001000455 1.07483939 
6001000195 6001000456 1.148636736 
6001000195 6001000515 0.592889421 
6001000195 6001000516 0.599855188 
6001000195 6001000517 0.629415513 
6001000195 6001000518 0.660371203 
6001000195 6001000519 0.697212092 
6001000195 6001000520 0.755979722 
6001000195 6001000521 0.828040987 
6001000195 6001000522 0.905615628 
6001000195 6001000523 0.999121696 
6001000195 6001000524 1.066607515 
6001000195 6001000525 1.117860204 
6001000195 6001000526 1.188531393 
6001000195 6001000195 0.0
6001000196 6001000195 0.080274454 
6001000197 6001000195 0.177707698 
6001000198 6001000195 0.283211088 
6001000199 6001000195 0.370540368 
6001000200 6001000195 0.477578287 
6001000201 6001000195 0.588923496 
6001000202 6001000195 0.70661081 
6001000203 6001000195 0.813273634 
6001000204 6001000195 0.888931873 
6001000205 6001000195 0.960524633 
6001000206 6001000195 1.037873758 
6001000225 6001000195 0.045901544 
6001000226 6001000195 0.086161403 
6001000227 6001000195 0.17906954 
6001000228 6001000195 0.282776603 
6001000229 6001000195 0.372359 
6001000230 6001000195 0.475081545 
6001000231 6001000195 0.589702537 
6001000232 6001000195 0.705646033 
6001000233 6001000195 0.813999217 
6001000234 6001000195 0.891415746 
6001000235 6001000195 0.958797651 
6001000236 6001000195 1.030632131 
6001000255 6001000195 0.100727391 
6001000256 6001000195 0.124656671 
6001000257 6001000195 0.200269835 
6001000258 6001000195 0.298234872 
6001000259 6001000195 0.382808842 
6001000260 6001000195 0.48675722 
6001000261 6001000195 0.596627872 
6001000262 6001000195 0.709715526 
6001000263 6001000195 0.818463901 
6001000264 6001000195 0.892993834 
6001000265 6001000195 0.96118994 
6001000266 6001000195 1.040550176 
6001000277 6001000195 0.223098733 
6001000285 6001000195 0.15024124 
6001000286 6001000195 0.182595073 
6001000287 6001000195 0.253025459 
6001000288 6001000195 0.325597794 
6001000289 6001000195 0.504907782 
6001000291 6001000195 0.613315923 
6001000292 6001000195 0.720122379 
6001000293 6001000195 0.830243009 
6001000294 6001000195 0.906140829 
6001000295 6001000195 0.970541576 
6001000296 6001000195 1.053200319 
6001000316 6001000195 0.254875299 
6001000317 6001000195 0.29601674 
6001000318 6001000195 0.372420355 
6001000319 6001000195 0.441471521 
6001000320 6001000195 0.529227484 
6001000321 6001000195 0.632483599 
6001000322 6001000195 0.735214958 
6001000323 6001000195 0.846446425 
6001000324 6001000195 0.921967284 
6001000325 6001000195 0.985765657 
6001000326 6001000195 1.06583675 
6001000346 6001000195 0.309505871 
6001000347 6001000195 0.363846182 
6001000348 6001000195 0.438717948 
6001000349 6001000195 0.504146395 
6001000350 6001000195 0.577269597 
6001000351 6001000195 0.670099534 
6001000352 6001000195 0.764923733 
6001000353 6001000195 0.872249957 
6001000354 6001000195 0.947596842 
6001000355 6001000195 1.007279733 
6001000356 6001000195 1.085680601 
6001000375 6001000195 0.314455283 
6001000376 6001000195 0.358337961 
6001000377 6001000195 0.426349038 
6001000378 6001000195 0.51566083 
6001000379 6001000195 0.584534302 
6001000380 6001000195 0.630422496 
6001000381 6001000195 0.715780579 
6001000382 6001000195 0.806288759 
6001000383 6001000195 0.910731824 
6001000384 6001000195 0.983351804 
6001000385 6001000195 1.039587461 
6001000386 6001000195 1.116325608 
6001000415 6001000195 0.386961523 
6001000416 6001000195 0.425749852 
6001000417 6001000195 0.487351667 
6001000445 6001000195 0.482730124 
6001000446 6001000195 0.505480043 
6001000447 6001000195 0.542792433 
6001000448 6001000195 0.576532409 
6001000449 6001000195 0.63397261 
6001000450 6001000195 0.677506873 
6001000451 6001000195 0.765027716 
6001000452 6001000195 0.850895218 
6001000453 6001000195 0.949658907 
6001000454 6001000195 1.021082148 
6001000455 6001000195 1.07483939 
6001000456 6001000195 1.148636736 
6001000515 6001000195 0.592889421 
6001000516 6001000195 0.599855188 
6001000517 6001000195 0.629415513 
6001000518 6001000195 0.660371203 
6001000519 6001000195 0.697212092 
6001000520 6001000195 0.755979722 
6001000521 6001000195 0.828040987 
6001000522 6001000195 0.905615628 
6001000523 6001000195 0.999121696 
6001000524 6001000195 1.066607515 
6001000525 6001000195 1.117860204 
6001000526 6001000195 1.188531393 
