3
46
1
0
20
0.45
0.7
300
600000001 600000077 600000051 600000032 600000025 600000019 600000056 600000002 600000036 600000033 600000068 600000014 600000047 600000073 600000029 600000028 600000024 600000045 600000070 600000040 600000058 600000049 600000034 600000075 600000038 600000021 600000065 600000022 600000060 600000078 600000003 600000005 600000082 600000017 600000023 600000009 600000080 600000042 600000011 600000030 600000026 600000046 600000066 600000052 600000057 600000055 
19.2899 0.46741 14.0308 6.22177 4.23738 62.5651 4.51307 18.4142 31.6315 76.066 6.57251 37.5535 1.21428 11.9794 21.0833 18.709 11.4983 18.7494 16.5875 70.6864 19.9391 12.1772 1.46522 28.1916 12.3362 54.2405 4.07894 13.4631 50.7646 19.9514 4.85002 12.7285 43.1486 137.48 30.9993 42.8075 20.2104 10.9764 8.68552 19.2899 7.76419 33.1534 13.8279 10.6847 4.8277 
2 1 1 1 1 3 1 1 1 4 1 1 4 1 1 1 1 4 1 4 1 1 2 1 1 4 1 4 2 1 1 2 1 1 1 2 1 1 1 1 1 4 1 3 3 
1.0 
3.408 2.537 3.581 3.204 1.084 4.594 0.911 3.52 3.804 4.459 0.51 4.259 5.059 3.599 3.388 3.0 4.172 4.329 4.111 1.523 4.926 3.719 0.6 4.005 1.675 4.308 2.17 2.937 3.367 2.044 1.695 3.928 0.858 3.0 0.345 3.48 4.066 0.446 3.382 3.291 4.222 4.124 4.149 1.356 4.05 
3.408 2.537 3.581 3.204 1.084 4.594 0.911 3.52 3.804 4.459 0.51 4.259 5.059 3.599 3.388 3.0 4.172 4.329 4.111 1.523 4.926 3.719 0.6 4.005 1.675 4.308 2.17 2.937 3.367 2.044 1.695 3.928 0.858 3.0 0.345 3.48 4.066 0.446 3.382 3.291 4.222 4.124 4.149 1.356 4.05 
