3
21
1
0
20
0.45
0.7
150
600000001 600000079 600000072 600000058 600000009 600000081 600000071 600000016 600000011 600000010 600000017 600000026 600000032 600000052 600000046 600000039 600000038 600000044 600000018 600000059 600000055 
24.8799 14.2704 70.6864 30.9993 14.5859 20.7354 15.9656 10.9764 20.5659 43.1486 19.2899 14.0308 13.8279 7.76419 33.3665 28.1916 23.4255 10.9508 5.14612 4.8277 
2 4 4 1 2 4 1 1 1 1 1 1 1 1 1 1 1 1 4 3 
1.0 
1.054 2.2909 1.8412 2.972 1.4889 2.2398 2.4559 2.601 3.2184 2.5125 1.0077 1.3817 1.8659 2.0228 1.5419 1.7222 1.9122 2.2752 2.787 1.767 
1.054 2.2909 1.8412 2.972 1.4889 2.2398 2.4559 2.601 3.2184 2.5125 1.0077 1.3817 1.8659 2.0228 1.5419 1.7222 1.9122 2.2752 2.787 1.767 
