1
56
4
0
20
0.45
0.7
300
600000001 600000077 600000080 600000064 600000071 600000076 600000049 600000008 600000041 600000017 600000061 600000022 600000010 600000081 600000011 600000021 600000019 600000034 600000067 600000040 600000055 600000069 600000006 600000037 600000044 600000068 600000013 600000065 600000032 600000033 600000072 600000051 600000042 600000045 600000070 600000056 600000048 600000043 600000020 600000059 600000054 600000016 600000039 600000038 600000060 600000028 600000083 600000018 600000031 600000036 600000075 600000082 600000029 600000030 600000014 600000024 
19.2899 42.8075 12.6644 20.7354 23.4542 19.9391 79.4018 43.1657 43.1486 11.988 4.07894 20.5659 14.5859 10.9764 12.3362 4.23738 12.1772 76.066 16.5875 4.8277 30.3937 6.46329 32.8344 23.4255 76.066 12.7741 54.2405 14.0308 31.6315 14.2704 0.46741 20.2104 11.4983 18.7494 62.5651 30.3167 28.0527 15.6206 5.14612 31.2587 15.9656 33.3665 28.1916 13.4631 21.0833 28.1916 10.9508 29.2269 18.4142 1.46522 12.7285 11.9794 8.68552 6.57251 18.709 
2 2 4 4 2 1 1 1 1 4 1 1 2 1 1 1 1 4 1 3 4 1 1 1 4 1 4 1 1 4 1 1 1 4 3 1 1 1 4 3 1 1 1 4 1 2 1 1 1 2 2 1 1 1 1 
1.0 0.75 0.5 0.25 
2.0458 2.0801 2.0766 2.9577 1.5457 3.3345 2.4266 2.4329 1.6198 1.3431 1.7247 1.8437 2.4096 1.6023 1.3893 1.1274 2.0262 2.7663 2.7113 2.6501 2.2596 2.7586 2.2392 2.4992 2.7663 1.7673 2.9456 1.8887 2.3737 2.9827 1.4396 2.6665 2.479 2.8873 3.0029 2.9 2.8372 0.4544 1.5951 2.4622 1.4424 2.425 2.6053 1.7879 1.956 2.6739 1.3975 2.3246 1.827 2.0624 2.5662 2.2372 1.9825 1.4927 1.2954 
2.0458 2.0801 2.0766 2.9577 1.5457 3.3345 2.4266 2.4329 1.6198 1.3431 1.7247 1.8437 2.4096 1.6023 1.3893 1.1274 2.0262 2.7663 2.7113 2.6501 2.2596 2.7586 2.2392 2.4992 2.7663 1.7673 2.9456 1.8887 2.3737 2.9827 1.4396 2.6665 2.479 2.8873 3.0029 2.9 2.8372 0.4544 1.5951 2.4622 1.4424 2.425 2.6053 1.7879 1.956 2.6739 1.3975 2.3246 1.827 2.0624 2.5662 2.2372 1.9825 1.4927 1.2954 
