1
21
4
0
20
0.45
0.7
150
600000001 600000015 600000061 600000048 600000034 600000071 600000003 600000039 600000004 600000018 600000016 600000030 600000013 600000029 600000006 600000052 600000046 600000033 600000025 600000014 600000042 
43.1486 11.988 30.3167 12.1772 20.7354 19.9514 33.3665 18.2616 10.9508 15.9656 8.68552 12.7741 11.9794 6.46329 13.8279 7.76419 31.6315 6.22177 6.57251 20.2104 
1 4 1 1 4 1 1 1 1 1 1 1 1 1 1 1 1 1 1 1 
1.0 0.75 0.5 0.25 
6.3005 3.5275 2.103 3.0431 2.0761 7.5963 2.6806 7.1201 5.7569 5.9376 3.1189 6.2477 3.084 7.3635 2.6416 2.342 2.9879 3.5959 5.9731 2.5847 
6.3005 3.5275 2.103 3.0431 2.0761 7.5963 2.6806 7.1201 5.7569 5.9376 3.1189 6.2477 3.084 7.3635 2.6416 2.342 2.9879 3.5959 5.9731 2.5847 
