2
66
2
0
20
0.45
0.7
300
600000001 600000057 600000024 600000010 600000042 600000015 600000077 600000076 600000036 600000023 600000003 600000033 600000045 600000029 600000066 600000061 600000073 600000043 600000075 600000081 600000083 600000005 600000009 600000080 600000072 600000034 600000062 600000046 600000054 600000056 600000058 600000071 600000014 600000004 600000055 600000052 600000028 600000040 600000026 600000068 600000041 600000044 600000018 600000032 600000027 600000065 600000070 600000008 600000059 600000030 600000060 600000047 600000020 600000035 600000025 600000006 600000013 600000039 600000038 600000078 600000022 600000051 600000017 600000079 600000069 600000082 
10.6847 18.709 20.5659 20.2104 43.1486 19.2899 23.4542 18.4142 137.48 19.9514 31.6315 11.4983 11.9794 33.1534 11.988 1.21428 28.0527 1.46522 14.5859 28.1916 4.85002 30.9993 42.8075 14.2704 12.1772 11.988 7.76419 31.2587 62.5651 70.6864 20.7354 6.57251 18.2616 4.8277 13.8279 21.0833 16.5875 19.2899 76.066 43.1657 23.4255 10.9508 14.0308 15.9702 54.2405 18.7494 79.4018 5.14612 8.68552 13.4631 37.5535 15.6206 31.7087 6.22177 6.46329 12.7741 33.3665 28.1916 50.7646 4.07894 0.46741 43.1486 24.8799 30.3937 12.7285 
3 1 1 1 1 2 2 1 1 1 1 1 1 4 4 4 1 2 2 2 1 1 2 4 1 4 1 3 3 4 4 1 1 3 1 1 1 1 4 1 1 1 1 1 4 4 1 4 1 4 1 1 1 1 1 1 1 1 2 1 1 1 2 4 2 
1.0 0.5 
0.9738 1.2954 1.8437 2.6665 1.9166 2.0458 1.5457 1.827 1.8511 2.9914 2.3737 2.479 2.2372 2.7109 1.3431 3.4677 2.8372 2.0624 2.4096 2.6739 2.6428 1.9733 2.0801 2.9827 2.0262 1.3431 2.5297 2.4622 3.0029 1.8952 2.9577 1.4927 2.5152 2.6501 2.749 1.956 2.7113 1.9285 2.7663 2.4329 2.4992 1.3975 1.8887 1.5619 2.9456 2.8873 2.4266 1.5951 1.9825 1.7879 2.5665 0.4544 2.2151 1.7716 2.7586 1.7673 2.425 2.6053 2.005 1.7247 1.4396 1.6198 1.8252 2.2596 2.5662 
0.9738 1.2954 1.8437 2.6665 1.9166 2.0458 1.5457 1.827 1.8511 2.9914 2.3737 2.479 2.2372 2.7109 1.3431 3.4677 2.8372 2.0624 2.4096 2.6739 2.6428 1.9733 2.0801 2.9827 2.0262 1.3431 2.5297 2.4622 3.0029 1.8952 2.9577 1.4927 2.5152 2.6501 2.749 1.956 2.7113 1.9285 2.7663 2.4329 2.4992 1.3975 1.8887 1.5619 2.9456 2.8873 2.4266 1.5951 1.9825 1.7879 2.5665 0.4544 2.2151 1.7716 2.7586 1.7673 2.425 2.6053 2.005 1.7247 1.4396 1.6198 1.8252 2.2596 2.5662 
