3
46
1
0
20
0.45
0.7
300
600000001 600000058 600000032 600000047 600000079 600000081 600000008 600000041 600000062 600000044 600000005 600000028 600000080 600000054 600000029 600000078 600000013 600000070 600000056 600000026 600000057 600000068 600000025 600000035 600000073 600000066 600000018 600000011 600000040 600000039 600000031 600000071 600000019 600000015 600000006 600000077 600000003 600000076 600000009 600000024 600000049 600000034 600000036 600000075 600000004 600000065 
70.6864 14.0308 37.5535 24.8799 14.5859 79.4018 43.1657 11.988 23.4255 4.85002 21.0833 42.8075 31.2587 11.9794 50.7646 12.7741 18.7494 62.5651 19.2899 10.6847 76.066 6.22177 31.7087 1.21428 33.1534 10.9508 10.9764 16.5875 33.3665 29.2269 20.7354 4.23738 43.1486 6.46329 19.2899 19.9514 23.4542 30.9993 18.709 19.9391 12.1772 18.4142 1.46522 18.2616 54.2405 
4 1 1 2 2 1 1 4 1 1 1 2 3 1 2 1 4 3 1 3 4 1 1 4 4 1 1 1 1 1 4 1 1 1 2 1 2 1 1 1 1 1 2 1 4 
1.0 
1.8412 1.3817 2.0595 1.054 1.4889 3.5498 1.6523 0.9804 1.9122 3.766 1.1448 1.197 1.6254 1.3164 1.0842 2.7661 2.0456 2.3111 1.0077 1.5802 2.2594 0.9818 1.3625 2.7759 1.8411 2.2752 2.601 1.8281 1.5419 1.4038 2.2398 2.3073 2.8188 3.8818 1.125 4.1146 2.2232 2.972 0.8108 2.6428 1.5193 1.3201 3.0612 3.6384 2.0249 
1.8412 1.3817 2.0595 1.054 1.4889 3.5498 1.6523 0.9804 1.9122 3.766 1.1448 1.197 1.6254 1.3164 1.0842 2.7661 2.0456 2.3111 1.0077 1.5802 2.2594 0.9818 1.3625 2.7759 1.8411 2.2752 2.601 1.8281 1.5419 1.4038 2.2398 2.3073 2.8188 3.8818 1.125 4.1146 2.2232 2.972 0.8108 2.6428 1.5193 1.3201 3.0612 3.6384 2.0249 
