1
76
7
6
20
0.45
0.7
300
600000001 600000044 600000016 600000082 600000054 600000066 600000059 600000070 600000020 600000021 600000065 600000056 600000068 600000073 600000013 600000010 600000030 600000072 600000015 600000052 600000048 600000027 600000049 600000064 600000060 600000080 600000033 600000069 600000078 600000011 600000032 600000035 600000023 600000045 600000006 600000005 600000063 600000083 600000062 600000036 600000018 600000076 600000055 600000026 600000002 600000034 600000024 600000031 600000081 600000057 600000042 600000079 600000019 600000017 600000029 600000040 600000061 600000039 600000047 600000037 600000003 600000050 600000041 600000008 600000038 600000051 600000004 600000075 600000046 600000067 600000014 600000028 600000058 600000077 600000071 600000043 
23.4255 15.9656 12.7285 31.2587 33.1534 5.14612 18.7494 15.6206 12.3362 54.2405 62.5651 76.066 1.21428 12.7741 20.5659 8.68552 14.2704 43.1486 13.8279 30.3167 15.9702 19.9391 12.6644 13.4631 42.8075 31.6315 30.3937 50.7646 10.9764 14.0308 31.7087 137.48 11.4983 6.46329 4.85002 1.43388 28.1916 11.988 18.4142 10.9508 23.4542 4.8277 19.2899 4.51307 12.1772 18.709 29.2269 14.5859 10.6847 20.2104 24.8799 4.23738 43.1486 11.9794 16.5875 11.988 33.3665 37.5535 32.8344 19.9514 24.4242 43.1657 79.4018 28.1916 0.46741 18.2616 1.46522 7.76419 76.066 6.57251 21.0833 70.6864 19.2899 20.7354 28.0527 
1 1 2 3 4 4 4 1 1 4 3 4 4 1 1 1 4 1 1 1 1 1 4 4 2 1 4 2 1 1 1 1 1 1 1 4 2 4 1 1 2 3 1 1 1 1 1 2 3 1 2 1 1 1 1 4 1 1 1 1 1 1 1 1 1 1 2 1 4 1 1 4 2 4 1 
1.0 0.857143 0.714286 0.571429 0.428571 0.285714 0.142857 
4.155 0.84 3.928 3.908 4.124 1.111 4.329 1.688 1.675 4.308 4.594 4.459 5.059 0.244 1.258 3.382 4.574 0.51 4.149 4.508 3.242 4.926 3.476 2.937 3.48 3.804 3.659 3.367 0.446 3.581 3.646 3.0 4.172 1.811 1.695 0.748 4.036 3.099 3.52 1.095 1.545 4.05 3.291 0.911 3.719 3.0 3.687 3.772 1.356 4.066 3.257 1.084 0.858 3.599 4.111 3.099 3.825 4.259 3.67 2.044 5.079 3.935 1.456 4.005 2.537 1.567 0.6 4.222 4.459 0.51 3.388 1.523 3.408 4.523 4.278 
4.155 0.84 3.928 3.908 4.124 1.111 4.329 1.688 1.675 4.308 4.594 4.459 5.059 0.244 1.258 3.382 4.574 0.51 4.149 4.508 3.242 4.926 3.476 2.937 3.48 3.804 3.659 3.367 0.446 3.581 3.646 3.0 4.172 1.811 1.695 0.748 4.036 3.099 3.52 1.095 1.545 4.05 3.291 0.911 3.719 3.0 3.687 3.772 1.356 4.066 3.257 1.084 0.858 3.599 4.111 3.099 3.825 4.259 3.67 2.044 5.079 3.935 1.456 4.005 2.537 1.567 0.6 4.222 4.459 0.51 3.388 1.523 3.408 4.523 4.278 
