11
46
13
0
20
0.45
0.7
480
600000001 600000083 600000006 600000071 600000081 600000023 600000047 600000063 600000062 600000064 600000037 600000003 600000082 600000069 600000019 600000018 600000033 600000070 600000035 600000024 600000057 600000046 600000061 600000028 600000075 600000067 600000013 600000027 600000048 600000059 600000043 600000068 600000076 600000044 600000050 600000025 600000038 600000015 600000080 600000010 600000060 600000049 600000036 600000026 600000078 600000021 
28.1916 6.46329 20.7354 14.5859 137.48 37.5535 1.43388 11.988 12.6644 32.8344 19.9514 12.7285 30.3937 4.23738 10.9508 31.6315 18.7494 31.7087 18.709 10.6847 7.76419 11.988 21.0833 1.46522 76.066 12.7741 15.9702 30.3167 5.14612 28.0527 76.066 23.4542 23.4255 24.4242 6.22177 28.1916 43.1486 42.8075 20.5659 13.4631 19.9391 18.4142 19.2899 50.7646 12.3362 
2 1 4 2 1 1 4 4 4 1 1 2 4 1 1 1 4 1 1 3 1 4 1 2 4 1 1 1 4 1 4 2 1 1 1 1 1 2 1 4 1 1 1 2 1 
1.0 0.923077 0.846154 0.769231 0.692308 0.615385 0.538462 0.461538 0.384615 0.307692 0.230769 0.153846 0.076923 
1.7531 3.8818 2.2398 1.4889 0.6114 2.0595 2.5137 0.9804 1.1935 1.3866 4.1146 1.6454 1.3765 2.3073 2.2752 1.5211 2.0456 1.3625 0.8108 1.5802 2.0228 0.9804 1.1448 3.0612 2.2594 2.7661 1.0423 2.2246 2.787 1.9955 2.2594 2.2232 1.9122 2.7956 0.9818 1.7222 2.8188 1.197 3.2184 0.5482 2.6428 1.3201 1.0077 1.0842 1.3719 
1.7531 3.8818 2.2398 1.4889 0.6114 2.0595 2.5137 0.9804 1.1935 1.3866 4.1146 1.6454 1.3765 2.3073 2.2752 1.5211 2.0456 1.3625 0.8108 1.5802 2.0228 0.9804 1.1448 3.0612 2.2594 2.7661 1.0423 2.2246 2.787 1.9955 2.2594 2.2232 1.9122 2.7956 0.9818 1.7222 2.8188 1.197 3.2184 0.5482 2.6428 1.3201 1.0077 1.0842 1.3719 
