12
76
12
0
20
0.45
0.7
480
600000001 600000067 600000006 600000013 600000017 600000042 600000043 600000077 600000016 600000073 600000063 600000051 600000062 600000037 600000058 600000005 600000078 600000083 600000040 600000015 600000002 600000024 600000014 600000075 600000046 600000020 600000082 600000052 600000004 600000059 600000033 600000057 600000071 600000026 600000080 600000045 600000081 600000064 600000031 600000019 600000011 600000072 600000009 600000049 600000038 600000065 600000039 600000029 600000044 600000034 600000008 600000060 600000022 600000050 600000048 600000066 600000010 600000047 600000069 600000018 600000068 600000055 600000056 600000023 600000030 600000028 600000003 600000041 600000021 600000079 600000061 600000054 600000070 600000027 600000032 600000076 
76.066 6.46329 12.7741 43.1486 20.2104 28.0527 19.2899 15.9656 1.21428 1.43388 0.46741 11.988 32.8344 70.6864 4.85002 50.7646 28.1916 16.5875 43.1486 4.51307 18.709 6.57251 1.46522 7.76419 15.6206 12.7285 13.8279 18.2616 5.14612 31.6315 10.6847 20.7354 19.2899 42.8075 11.4983 14.5859 12.6644 29.2269 4.23738 10.9764 14.2704 30.9993 19.9391 28.1916 54.2405 33.3665 11.9794 23.4255 12.1772 79.4018 13.4631 4.07894 24.4242 30.3167 33.1534 20.5659 37.5535 30.3937 10.9508 76.066 4.8277 62.5651 137.48 8.68552 21.0833 19.9514 43.1657 12.3362 24.8799 11.988 31.2587 18.7494 15.9702 14.0308 23.4542 
4 1 1 1 1 1 2 1 4 4 1 4 1 4 1 2 2 1 1 1 1 1 2 1 1 2 1 1 4 1 3 4 1 2 1 2 4 1 1 1 4 1 1 1 4 1 1 1 1 1 4 1 1 1 4 1 1 4 1 4 3 3 1 1 1 1 1 1 2 4 3 4 1 1 2 
1.0 0.916667 0.833333 0.75 0.666667 0.583333 0.5 0.416667 0.333333 0.25 0.166667 0.083333 
2.7663 2.7586 1.7673 1.6198 2.6665 2.8372 2.0458 1.4424 3.4677 1.5149 1.4396 1.3431 2.2392 1.8952 2.6428 2.005 2.6739 2.7113 1.9166 1.5882 1.2954 1.4927 2.0624 2.5297 0.4544 2.5662 2.749 2.5152 1.5951 2.3737 0.9738 2.9577 1.9285 2.0801 2.479 2.4096 2.0766 2.3246 1.1274 1.6023 2.9827 1.9733 3.3345 2.6053 2.9456 2.425 2.2372 2.4992 2.0262 2.4266 1.7879 1.7247 3.4873 2.9 2.7109 1.8437 2.5665 2.2596 1.3975 2.7663 2.6501 3.0029 1.8511 1.9825 1.956 2.9914 2.4329 1.3893 1.8252 1.3431 2.4622 2.8873 1.5619 1.8887 1.5457 
2.7663 2.7586 1.7673 1.6198 2.6665 2.8372 2.0458 1.4424 3.4677 1.5149 1.4396 1.3431 2.2392 1.8952 2.6428 2.005 2.6739 2.7113 1.9166 1.5882 1.2954 1.4927 2.0624 2.5297 0.4544 2.5662 2.749 2.5152 1.5951 2.3737 0.9738 2.9577 1.9285 2.0801 2.479 2.4096 2.0766 2.3246 1.1274 1.6023 2.9827 1.9733 3.3345 2.6053 2.9456 2.425 2.2372 2.4992 2.0262 2.4266 1.7879 1.7247 3.4873 2.9 2.7109 1.8437 2.5665 2.2596 1.3975 2.7663 2.6501 3.0029 1.8511 1.9825 1.956 2.9914 2.4329 1.3893 1.8252 1.3431 2.4622 2.8873 1.5619 1.8887 1.5457 
