3
21
1
0
20
0.45
0.7
150
600000001 600000026 600000039 600000044 600000022 600000013 600000057 600000029 600000003 600000043 600000065 600000009 600000004 600000021 600000010 600000068 600000070 600000082 600000017 600000037 600000076 
19.2899 33.3665 23.4255 4.07894 12.7741 10.6847 11.9794 19.9514 28.0527 54.2405 30.9993 18.2616 12.3362 20.5659 76.066 18.7494 12.7285 43.1486 32.8344 23.4542 
1 1 1 1 1 3 1 1 1 4 1 1 1 1 4 4 2 1 1 2 
1.0 
3.291 3.825 4.155 2.17 0.244 1.356 3.599 2.044 4.278 4.308 0.345 1.567 1.675 1.258 4.459 4.329 3.928 0.858 3.67 1.545 
3.291 3.825 4.155 2.17 0.244 1.356 3.599 2.044 4.278 4.308 0.345 1.567 1.675 1.258 4.459 4.329 3.928 0.858 3.67 1.545 
