14
66
10
0
20
0.45
0.7
480
600000001 600000008 600000017 600000025 600000005 600000079 600000064 600000067 600000021 600000065 600000055 600000034 600000041 600000066 600000072 600000037 600000068 600000052 600000003 600000047 600000080 600000062 600000011 600000051 600000063 600000031 600000026 600000077 600000046 600000059 600000058 600000078 600000024 600000013 600000057 600000050 600000014 600000032 600000048 600000060 600000049 600000081 600000044 600000082 600000036 600000010 600000020 600000039 600000035 600000076 600000056 600000002 600000019 600000054 600000045 600000023 600000071 600000042 600000018 600000073 600000069 600000038 600000004 600000016 600000015 600000043 
79.4018 43.1486 6.22177 4.85002 24.8799 12.6644 76.066 12.3362 54.2405 4.8277 12.1772 43.1657 33.1534 14.2704 32.8344 76.066 13.8279 19.9514 37.5535 42.8075 11.988 10.9764 0.46741 1.43388 29.2269 19.2899 19.2899 7.76419 5.14612 70.6864 50.7646 18.709 12.7741 10.6847 24.4242 6.57251 14.0308 30.3167 13.4631 19.9391 14.5859 23.4255 12.7285 18.4142 20.5659 15.6206 33.3665 31.7087 23.4542 62.5651 4.51307 4.23738 31.2587 11.4983 137.48 20.7354 20.2104 10.9508 1.21428 30.3937 28.1916 18.2616 15.9656 43.1486 28.0527 
1 1 1 1 2 4 4 1 4 3 1 1 4 4 1 4 1 1 1 2 4 1 1 4 1 1 2 1 4 4 2 1 1 3 1 1 1 1 4 1 2 1 2 1 1 1 1 1 2 3 1 1 3 1 1 4 1 1 4 4 1 1 1 1 1 
1.0 0.9 0.8 0.7 0.6 0.5 0.4 0.3 0.2 0.1 
3.5498 2.5125 0.9818 3.766 1.054 1.1935 2.2594 1.3719 2.0249 1.767 1.5193 1.6523 1.8411 2.2909 1.3866 2.2594 1.8659 4.1146 2.0595 1.197 0.9804 2.601 0.8561 2.5137 1.4038 1.0077 1.125 2.0228 2.787 1.8412 1.0842 0.8108 2.7661 1.5802 2.7956 2.4914 1.3817 2.2246 0.5482 2.6428 1.4889 1.9122 1.6454 1.3201 3.2184 2.0802 1.5419 1.3625 2.2232 2.3111 2.6277 2.3073 1.6254 1.972 0.6114 2.2398 1.7834 2.2752 2.7759 1.3765 1.7222 3.6384 2.4559 2.8188 1.9955 
3.5498 2.5125 0.9818 3.766 1.054 1.1935 2.2594 1.3719 2.0249 1.767 1.5193 1.6523 1.8411 2.2909 1.3866 2.2594 1.8659 4.1146 2.0595 1.197 0.9804 2.601 0.8561 2.5137 1.4038 1.0077 1.125 2.0228 2.787 1.8412 1.0842 0.8108 2.7661 1.5802 2.7956 2.4914 1.3817 2.2246 0.5482 2.6428 1.4889 1.9122 1.6454 1.3201 3.2184 2.0802 1.5419 1.3625 2.2232 2.3111 2.6277 2.3073 1.6254 1.972 0.6114 2.2398 1.7834 2.2752 2.7759 1.3765 1.7222 3.6384 2.4559 2.8188 1.9955 
