2
56
2
6
20
0.45
0.7
300
600000001 600000046 600000024 600000015 600000039 600000031 600000020 600000070 600000052 600000034 600000011 600000057 600000036 600000066 600000055 600000041 600000032 600000048 600000040 600000082 600000002 600000062 600000017 600000033 600000045 600000077 600000038 600000073 600000072 600000029 600000027 600000008 600000023 600000006 600000044 600000058 600000050 600000063 600000080 600000067 600000016 600000005 600000075 600000013 600000028 600000069 600000065 600000014 600000060 600000068 600000051 600000047 600000076 600000022 600000026 600000009 
7.76419 18.709 43.1486 33.3665 29.2269 15.6206 18.7494 13.8279 12.1772 10.9764 10.6847 18.4142 33.1534 4.8277 43.1657 14.0308 30.3167 16.5875 12.7285 4.51307 11.988 43.1486 31.6315 11.4983 19.2899 28.1916 1.21428 14.2704 11.9794 15.9702 79.4018 137.48 6.46329 23.4255 70.6864 24.4242 1.43388 42.8075 76.066 15.9656 4.85002 1.46522 12.7741 21.0833 30.3937 54.2405 6.57251 13.4631 76.066 0.46741 37.5535 23.4542 4.07894 19.2899 30.9993 
1 1 1 1 1 1 4 1 1 1 3 1 4 3 1 1 1 1 2 1 4 1 1 1 2 1 4 4 1 1 1 1 1 1 4 1 4 2 4 1 1 2 1 1 4 4 1 4 4 1 1 2 1 1 1 
1.0 0.5 
2.5297 1.2954 1.9166 2.425 2.3246 0.4544 2.8873 2.749 2.0262 1.6023 0.9738 1.827 2.7109 2.6501 2.4329 1.8887 2.9 2.7113 2.5662 1.5882 1.3431 1.6198 2.3737 2.479 2.0458 2.6053 3.4677 2.9827 2.2372 1.5619 2.4266 1.8511 2.7586 2.4992 1.8952 3.4873 1.5149 2.0801 2.7663 1.4424 2.6428 2.0624 1.7673 1.956 2.2596 2.9456 1.4927 1.7879 2.7663 1.4396 2.5665 1.5457 1.7247 1.9285 1.9733 
2.5297 1.2954 1.9166 2.425 2.3246 0.4544 2.8873 2.749 2.0262 1.6023 0.9738 1.827 2.7109 2.6501 2.4329 1.8887 2.9 2.7113 2.5662 1.5882 1.3431 1.6198 2.3737 2.479 2.0458 2.6053 3.4677 2.9827 2.2372 1.5619 2.4266 1.8511 2.7586 2.4992 1.8952 3.4873 1.5149 2.0801 2.7663 1.4424 2.6428 2.0624 1.7673 1.956 2.2596 2.9456 1.4927 1.7879 2.7663 1.4396 2.5665 1.5457 1.7247 1.9285 1.9733 
