2
46
1
6
20
0.45
0.7
300
600000001 600000059 600000036 600000067 600000040 600000030 600000035 600000065 600000071 600000018 600000033 600000013 600000057 600000039 600000010 600000032 600000049 600000034 600000009 600000008 600000070 600000060 600000052 600000027 600000038 600000081 600000069 600000047 600000029 600000050 600000025 600000014 600000062 600000003 600000073 600000024 600000017 600000068 600000079 600000004 600000078 600000072 600000083 600000064 600000056 600000063 
5.14612 18.4142 76.066 16.5875 8.68552 31.7087 54.2405 20.7354 10.9508 31.6315 12.7741 10.6847 33.3665 20.5659 14.0308 19.9391 12.1772 30.9993 79.4018 18.7494 13.4631 13.8279 15.9702 28.1916 14.5859 30.3937 37.5535 11.9794 24.4242 6.22177 6.57251 11.988 19.9514 1.21428 18.709 43.1486 76.066 24.8799 18.2616 50.7646 14.2704 28.1916 12.6644 62.5651 1.43388 
4 1 4 1 1 1 4 4 1 1 1 3 1 1 1 1 1 1 1 4 4 1 1 1 2 4 1 1 1 1 1 4 1 4 1 1 4 2 1 2 4 2 4 3 4 
1.0 
1.5951 1.827 2.7663 2.7113 1.9825 2.2151 2.9456 2.9577 1.3975 2.3737 1.7673 0.9738 2.425 1.8437 1.8887 3.3345 2.0262 1.9733 2.4266 2.8873 1.7879 2.749 1.5619 2.6053 2.4096 2.2596 2.5665 2.2372 3.4873 1.7716 1.4927 1.3431 2.9914 3.4677 1.2954 1.6198 2.7663 1.8252 2.5152 2.005 2.9827 2.6739 2.0766 3.0029 1.5149 
1.5951 1.827 2.7663 2.7113 1.9825 2.2151 2.9456 2.9577 1.3975 2.3737 1.7673 0.9738 2.425 1.8437 1.8887 3.3345 2.0262 1.9733 2.4266 2.8873 1.7879 2.749 1.5619 2.6053 2.4096 2.2596 2.5665 2.2372 3.4873 1.7716 1.4927 1.3431 2.9914 3.4677 1.2954 1.6198 2.7663 1.8252 2.5152 2.005 2.9827 2.6739 2.0766 3.0029 1.5149 
