1
56
6
0
20
0.45
0.7
300
600000001 600000080 600000028 600000033 600000031 600000026 600000022 600000069 600000016 600000014 600000054 600000017 600000059 600000025 600000013 600000052 600000020 600000075 600000050 600000040 600000061 600000070 600000064 600000004 600000042 600000060 600000038 600000049 600000081 600000010 600000082 600000037 600000032 600000002 600000063 600000047 600000027 600000058 600000066 600000068 600000065 600000006 600000015 600000030 600000003 600000077 600000023 600000043 600000008 600000055 600000073 600000009 600000067 600000036 600000029 600000041 
42.8075 21.0833 31.6315 29.2269 19.2899 4.07894 30.3937 15.9656 6.57251 31.2587 43.1486 5.14612 6.22177 12.7741 13.8279 15.6206 1.46522 24.4242 16.5875 11.988 18.7494 12.6644 18.2616 20.2104 13.4631 28.1916 19.9391 14.5859 20.5659 12.7285 32.8344 14.0308 4.51307 1.43388 37.5535 15.9702 70.6864 33.1534 76.066 54.2405 6.46329 43.1486 8.68552 19.9514 19.2899 137.48 28.0527 79.4018 4.8277 1.21428 30.9993 76.066 18.4142 11.9794 43.1657 
2 1 1 1 1 1 4 1 1 3 1 4 1 1 1 1 2 1 1 4 4 4 1 1 4 1 1 2 1 2 1 1 1 4 1 1 4 4 4 4 1 1 1 1 2 1 1 1 3 4 1 4 1 1 1 
1.0 0.833333 0.666667 0.5 0.333333 0.166667 
2.975 3.2105 2.9879 3.0933 3.2562 4.4538 2.8141 5.9376 5.9731 2.5264 5.9942 6.2245 3.5959 6.2477 2.6416 5.0837 6.5429 1.3482 2.8378 3.5275 2.7266 2.9715 7.1201 2.5847 3.7485 2.7319 1.5173 2.9015 6.473 2.7431 2.8081 2.9628 6.1094 5.9954 2.3646 3.3711 5.3229 2.5508 2.4372 2.9908 7.3635 6.3005 3.1189 7.5963 3.4137 3.8116 2.673 7.0315 2.7551 1.7866 6.4537 2.4372 3.2098 3.084 2.5512 
2.975 3.2105 2.9879 3.0933 3.2562 4.4538 2.8141 5.9376 5.9731 2.5264 5.9942 6.2245 3.5959 6.2477 2.6416 5.0837 6.5429 1.3482 2.8378 3.5275 2.7266 2.9715 7.1201 2.5847 3.7485 2.7319 1.5173 2.9015 6.473 2.7431 2.8081 2.9628 6.1094 5.9954 2.3646 3.3711 5.3229 2.5508 2.4372 2.9908 7.3635 6.3005 3.1189 7.5963 3.4137 3.8116 2.673 7.0315 2.7551 1.7866 6.4537 2.4372 3.2098 3.084 2.5512 
