5
21
5
0
20
0.45
0.7
480
600000001 600000062 600000052 600000076 600000019 600000075 600000066 600000047 600000082 600000064 600000040 600000071 600000035 600000027 600000081 600000080 600000004 600000039 600000010 600000031 600000067 
11.988 13.8279 23.4542 4.23738 1.46522 33.1534 37.5535 12.7285 12.6644 16.5875 20.7354 31.7087 15.9702 14.5859 42.8075 18.2616 33.3665 20.5659 29.2269 76.066 
4 1 2 1 2 4 1 2 4 1 4 1 1 2 2 1 1 1 1 4 
1.0 0.8 0.6 0.4 0.2 
3.5275 2.6416 5.7049 5.7567 6.5429 2.5508 2.3646 2.7431 2.9715 2.8378 2.0761 2.8289 3.3711 2.9015 2.975 7.1201 2.6806 6.473 3.0933 2.4372 
3.5275 2.6416 5.7049 5.7567 6.5429 2.5508 2.3646 2.7431 2.9715 2.8378 2.0761 2.8289 3.3711 2.9015 2.975 7.1201 2.6806 6.473 3.0933 2.4372 
