9
76
9
0
20
0.45
0.7
480
600000001 600000020 600000078 600000015 600000059 600000067 600000066 600000004 600000058 600000013 600000031 600000064 600000072 600000009 600000018 600000024 600000005 600000019 600000047 600000029 600000070 600000027 600000075 600000017 600000016 600000030 600000023 600000061 600000080 600000038 600000003 600000063 600000077 600000056 600000050 600000026 600000006 600000068 600000045 600000062 600000014 600000076 600000046 600000022 600000032 600000008 600000042 600000036 600000043 600000081 600000011 600000060 600000035 600000039 600000025 600000083 600000040 600000044 600000041 600000071 600000028 600000049 600000054 600000057 600000037 600000052 600000002 600000051 600000021 600000079 600000073 600000034 600000033 600000069 600000010 600000048 
15.6206 50.7646 43.1486 5.14612 76.066 33.1534 18.2616 70.6864 12.7741 29.2269 12.6644 14.2704 30.9993 10.9508 18.709 4.85002 4.23738 37.5535 11.9794 18.7494 15.9702 1.46522 43.1486 15.9656 8.68552 137.48 11.988 42.8075 28.1916 19.9514 1.43388 19.2899 62.5651 24.4242 19.2899 6.46329 76.066 11.4983 11.988 6.57251 23.4542 7.76419 4.07894 14.0308 79.4018 20.2104 18.4142 28.0527 14.5859 10.9764 13.4631 31.7087 33.3665 6.22177 28.1916 16.5875 23.4255 43.1657 20.7354 21.0833 19.9391 31.2587 10.6847 32.8344 13.8279 4.51307 0.46741 12.3362 24.8799 1.21428 12.1772 31.6315 30.3937 20.5659 30.3167 
1 2 1 4 4 4 1 4 1 1 4 4 1 1 1 1 1 1 1 4 1 2 1 1 1 1 4 2 1 1 4 2 3 1 1 1 4 1 4 1 2 1 1 1 1 1 1 1 2 1 4 1 1 1 2 1 1 1 4 1 1 3 3 1 1 1 1 1 2 4 1 1 4 1 1 
1.0 0.888889 0.777778 0.666667 0.555556 0.444444 0.333333 0.222222 0.111111 
5.0837 3.1606 6.3005 6.2245 2.4372 2.5508 7.1201 5.3229 6.2477 3.0933 2.9715 1.9254 6.4537 5.7569 3.5847 7.2477 5.7567 2.3646 3.084 2.7266 3.3711 6.5429 5.9942 5.9376 3.1189 3.8116 3.5275 2.975 2.7319 7.5963 5.9954 3.4137 2.016 1.3482 3.2562 7.3635 2.4372 2.4412 3.5275 5.9731 5.7049 2.342 4.4538 2.9628 7.0315 2.5847 3.2098 2.673 2.9015 6.0827 3.7485 2.8289 2.6806 3.5959 2.9821 2.8378 2.3923 2.5512 2.0761 3.2105 1.5173 2.5264 5.0619 2.8081 2.6416 6.1094 4.3308 4.8536 3.2738 1.7866 3.0431 2.9879 2.8141 6.473 2.103 
5.0837 3.1606 6.3005 6.2245 2.4372 2.5508 7.1201 5.3229 6.2477 3.0933 2.9715 1.9254 6.4537 5.7569 3.5847 7.2477 5.7567 2.3646 3.084 2.7266 3.3711 6.5429 5.9942 5.9376 3.1189 3.8116 3.5275 2.975 2.7319 7.5963 5.9954 3.4137 2.016 1.3482 3.2562 7.3635 2.4372 2.4412 3.5275 5.9731 5.7049 2.342 4.4538 2.9628 7.0315 2.5847 3.2098 2.673 2.9015 6.0827 3.7485 2.8289 2.6806 3.5959 2.9821 2.8378 2.3923 2.5512 2.0761 3.2105 1.5173 2.5264 5.0619 2.8081 2.6416 6.1094 4.3308 4.8536 3.2738 1.7866 3.0431 2.9879 2.8141 6.473 2.103 
