8
46
9
0
20
0.45
0.7
480
600000001 600000016 600000075 600000027 600000022 600000051 600000082 600000020 600000069 600000076 600000008 600000077 600000033 600000010 600000064 600000023 600000072 600000037 600000024 600000058 600000044 600000040 600000005 600000065 600000057 600000026 600000056 600000021 600000041 600000049 600000080 600000071 600000017 600000036 600000002 600000047 600000014 600000067 600000055 600000006 600000035 600000070 600000073 600000031 600000038 600000032 
15.9656 1.46522 15.9702 4.07894 0.46741 12.7285 15.6206 30.3937 23.4542 79.4018 19.2899 31.6315 20.5659 12.6644 137.48 14.2704 32.8344 18.709 70.6864 23.4255 16.5875 4.85002 54.2405 10.6847 19.2899 62.5651 12.3362 43.1657 19.9391 42.8075 20.7354 43.1486 18.4142 4.51307 37.5535 6.57251 76.066 4.8277 6.46329 31.7087 18.7494 1.21428 29.2269 28.1916 14.0308 
1 2 1 1 1 2 1 4 2 1 2 1 1 4 1 4 1 1 4 1 1 1 4 3 1 3 1 1 1 2 4 1 1 1 1 1 4 3 1 1 4 4 1 1 1 
1.0 0.888889 0.777778 0.666667 0.555556 0.444444 0.333333 0.222222 0.111111 
1.4424 2.0624 1.5619 1.7247 1.4396 2.5662 0.4544 2.2596 1.5457 2.4266 2.0458 2.3737 1.8437 2.0766 1.8511 2.9827 2.2392 1.2954 1.8952 2.4992 2.7113 2.6428 2.9456 0.9738 1.9285 3.0029 1.3893 2.4329 3.3345 2.0801 2.9577 1.6198 1.827 1.5882 2.5665 1.4927 2.7663 2.6501 2.7586 2.2151 2.8873 3.4677 2.3246 2.6053 1.8887 
1.4424 2.0624 1.5619 1.7247 1.4396 2.5662 0.4544 2.2596 1.5457 2.4266 2.0458 2.3737 1.8437 2.0766 1.8511 2.9827 2.2392 1.2954 1.8952 2.4992 2.7113 2.6428 2.9456 0.9738 1.9285 3.0029 1.3893 2.4329 3.3345 2.0801 2.9577 1.6198 1.827 1.5882 2.5665 1.4927 2.7663 2.6501 2.7586 2.2151 2.8873 3.4677 2.3246 2.6053 1.8887 
