12
76
12
0
20
0.45
0.7
480
600000001 600000076 600000082 600000046 600000040 600000042 600000083 600000021 600000008 600000023 600000045 600000015 600000006 600000063 600000038 600000044 600000029 600000070 600000073 600000005 600000051 600000035 600000067 600000064 600000050 600000049 600000068 600000002 600000036 600000072 600000075 600000025 600000041 600000013 600000017 600000059 600000080 600000026 600000065 600000033 600000024 600000019 600000060 600000079 600000061 600000018 600000030 600000043 600000057 600000004 600000071 600000078 600000066 600000062 600000077 600000034 600000027 600000020 600000022 600000037 600000058 600000054 600000028 600000047 600000016 600000010 600000009 600000032 600000055 600000081 600000014 600000031 600000003 600000048 600000011 600000052 
23.4542 12.7285 7.76419 16.5875 20.2104 28.1916 12.3362 79.4018 137.48 11.4983 43.1486 6.46329 1.43388 28.1916 23.4255 11.9794 18.7494 1.21428 4.85002 0.46741 31.7087 76.066 12.6644 24.4242 19.9391 76.066 4.51307 18.4142 14.2704 1.46522 6.22177 43.1657 12.7741 43.1486 5.14612 42.8075 19.2899 54.2405 31.6315 18.709 4.23738 13.4631 24.8799 11.988 10.9508 8.68552 28.0527 10.6847 18.2616 20.7354 50.7646 33.1534 11.988 19.2899 12.1772 15.9702 15.6206 4.07894 32.8344 70.6864 31.2587 21.0833 37.5535 15.9656 20.5659 30.9993 14.0308 4.8277 14.5859 6.57251 29.2269 19.9514 30.3167 10.9764 13.8279 
2 2 1 1 1 2 1 1 1 1 1 1 4 1 1 1 4 4 1 1 1 4 4 1 1 4 1 1 4 2 1 1 1 1 4 2 1 4 1 1 1 4 2 4 1 1 1 3 1 4 2 4 4 2 1 1 1 1 1 4 3 1 1 1 1 1 1 3 2 1 1 1 1 1 1 
1.0 0.916667 0.833333 0.75 0.666667 0.583333 0.5 0.416667 0.333333 0.25 0.166667 0.083333 
5.7049 2.7431 2.342 2.8378 2.5847 2.9821 4.8536 7.0315 3.8116 2.4412 6.3005 7.3635 5.9954 2.7319 2.3923 3.084 2.7266 1.7866 7.2477 4.3308 2.8289 2.4372 2.9715 1.3482 1.5173 2.4372 6.1094 3.2098 1.9254 6.5429 3.5959 2.5512 6.2477 5.9942 6.2245 2.975 3.2562 2.9908 2.9879 3.5847 5.7567 3.7485 3.2738 3.5275 5.7569 3.1189 2.673 5.0619 7.1201 2.0761 3.1606 2.5508 3.5275 3.4137 3.0431 3.3711 5.0837 4.4538 2.8081 5.3229 2.5264 3.2105 2.3646 5.9376 6.473 6.4537 2.9628 2.7551 2.9015 5.9731 3.0933 7.5963 2.103 6.0827 2.6416 
5.7049 2.7431 2.342 2.8378 2.5847 2.9821 4.8536 7.0315 3.8116 2.4412 6.3005 7.3635 5.9954 2.7319 2.3923 3.084 2.7266 1.7866 7.2477 4.3308 2.8289 2.4372 2.9715 1.3482 1.5173 2.4372 6.1094 3.2098 1.9254 6.5429 3.5959 2.5512 6.2477 5.9942 6.2245 2.975 3.2562 2.9908 2.9879 3.5847 5.7567 3.7485 3.2738 3.5275 5.7569 3.1189 2.673 5.0619 7.1201 2.0761 3.1606 2.5508 3.5275 3.4137 3.0431 3.3711 5.0837 4.4538 2.8081 5.3229 2.5264 3.2105 2.3646 5.9376 6.473 6.4537 2.9628 2.7551 2.9015 5.9731 3.0933 7.5963 2.103 6.0827 2.6416 
