1
66
5
6
20
0.45
0.7
300
600000001 600000061 600000030 600000035 600000071 600000024 600000063 600000008 600000079 600000045 600000075 600000056 600000067 600000040 600000051 600000019 600000003 600000072 600000070 600000081 600000004 600000066 600000069 600000048 600000077 600000059 600000082 600000078 600000083 600000064 600000062 600000049 600000025 600000038 600000057 600000073 600000016 600000002 600000018 600000011 600000006 600000022 600000023 600000042 600000047 600000041 600000054 600000046 600000031 600000036 600000039 600000013 600000034 600000058 600000068 600000033 600000065 600000055 600000028 600000010 600000080 600000050 600000037 600000044 600000052 600000026 
11.988 8.68552 31.7087 20.7354 18.709 1.43388 79.4018 24.8799 11.4983 1.46522 62.5651 76.066 16.5875 0.46741 4.23738 19.9514 14.2704 18.7494 14.5859 18.2616 33.1534 30.3937 30.3167 19.2899 5.14612 12.7285 50.7646 28.1916 12.6644 11.988 19.9391 6.22177 28.1916 10.6847 1.21428 15.9656 4.51307 10.9508 10.9764 6.46329 4.07894 137.48 20.2104 37.5535 43.1657 31.2587 7.76419 29.2269 18.4142 33.3665 12.7741 12.1772 70.6864 76.066 31.6315 54.2405 4.8277 21.0833 20.5659 42.8075 24.4242 32.8344 23.4255 13.8279 19.2899 
4 1 1 4 1 4 1 2 1 2 3 4 1 1 1 1 4 4 2 1 4 4 1 2 4 2 2 2 4 4 1 1 1 3 4 1 1 1 1 1 1 1 1 1 1 3 1 1 1 1 1 1 4 4 1 4 3 1 1 2 1 1 1 1 1 
1.0 0.8 0.6 0.4 0.2 
0.9804 1.0994 1.3625 2.2398 0.8108 2.5137 3.5498 1.054 1.972 3.0612 2.3111 2.2594 1.8281 0.8561 2.3073 4.1146 2.2909 2.0456 1.4889 3.6384 1.8411 1.3765 2.2246 1.125 2.787 1.6454 1.0842 1.7531 1.1935 0.9804 2.6428 0.9818 1.7222 1.5802 2.7759 2.4559 2.6277 2.2752 2.601 3.8818 0.9721 0.6114 1.7834 2.0595 1.6523 1.6254 2.0228 1.4038 1.3201 1.5419 2.7661 1.5193 1.8412 2.2594 1.5211 2.0249 1.767 1.1448 3.2184 1.197 2.7956 1.3866 1.9122 1.8659 1.0077 
0.9804 1.0994 1.3625 2.2398 0.8108 2.5137 3.5498 1.054 1.972 3.0612 2.3111 2.2594 1.8281 0.8561 2.3073 4.1146 2.2909 2.0456 1.4889 3.6384 1.8411 1.3765 2.2246 1.125 2.787 1.6454 1.0842 1.7531 1.1935 0.9804 2.6428 0.9818 1.7222 1.5802 2.7759 2.4559 2.6277 2.2752 2.601 3.8818 0.9721 0.6114 1.7834 2.0595 1.6523 1.6254 2.0228 1.4038 1.3201 1.5419 2.7661 1.5193 1.8412 2.2594 1.5211 2.0249 1.767 1.1448 3.2184 1.197 2.7956 1.3866 1.9122 1.8659 1.0077 
