1
21
2
0
20
0.45
0.7
150
600000001 600000052 600000026 600000003 600000073 600000063 600000061 600000079 600000070 600000072 600000049 600000054 600000005 600000011 600000048 600000062 600000067 600000030 600000010 600000028 600000081 
13.8279 19.2899 19.9514 1.21428 1.43388 11.988 24.8799 18.7494 14.2704 19.9391 31.2587 4.85002 10.9764 30.3167 11.988 76.066 8.68552 20.5659 21.0833 14.5859 
1 1 1 4 4 4 2 4 4 1 3 1 1 1 4 4 1 1 1 2 
1.0 0.5 
1.8659 1.0077 4.1146 2.7759 2.5137 0.9804 1.054 2.0456 2.2909 2.6428 1.6254 3.766 2.601 2.2246 0.9804 2.2594 1.0994 3.2184 1.1448 1.4889 
1.8659 1.0077 4.1146 2.7759 2.5137 0.9804 1.054 2.0456 2.2909 2.6428 1.6254 3.766 2.601 2.2246 0.9804 2.2594 1.0994 3.2184 1.1448 1.4889 
