2
46
2
6
20
0.45
0.7
300
600000001 600000055 600000027 600000008 600000031 600000061 600000081 600000059 600000050 600000004 600000030 600000056 600000024 600000037 600000047 600000043 600000054 600000066 600000077 600000017 600000029 600000064 600000010 600000036 600000041 600000070 600000044 600000035 600000011 600000079 600000068 600000042 600000005 600000016 600000067 600000009 600000080 600000040 600000003 600000032 600000018 600000023 600000038 600000045 600000019 600000052 
4.8277 15.9702 79.4018 29.2269 11.988 14.5859 5.14612 24.4242 18.2616 8.68552 62.5651 18.709 32.8344 37.5535 28.0527 31.2587 33.1534 19.2899 43.1486 11.9794 12.6644 20.5659 18.4142 43.1657 18.7494 23.4255 31.7087 10.9764 24.8799 76.066 20.2104 4.85002 15.9656 76.066 30.9993 42.8075 16.5875 19.9514 14.0308 10.9508 137.48 28.1916 11.4983 4.23738 13.8279 
3 1 1 1 4 2 4 1 1 1 3 1 1 1 1 3 4 2 1 1 4 1 1 1 4 1 1 1 2 4 1 1 1 4 1 2 1 1 1 1 1 1 1 1 1 
1.0 0.5 
1.767 1.0423 3.5498 1.4038 0.9804 1.4889 2.787 2.7956 3.6384 1.0994 2.3111 0.8108 1.3866 2.0595 1.9955 1.6254 1.8411 1.125 2.5125 1.3164 1.1935 3.2184 1.3201 1.6523 2.0456 1.9122 1.3625 2.601 1.054 2.2594 1.7834 3.766 2.4559 2.2594 2.972 1.197 1.8281 4.1146 1.3817 2.2752 0.6114 1.7222 1.972 2.3073 1.8659 
1.767 1.0423 3.5498 1.4038 0.9804 1.4889 2.787 2.7956 3.6384 1.0994 2.3111 0.8108 1.3866 2.0595 1.9955 1.6254 1.8411 1.125 2.5125 1.3164 1.1935 3.2184 1.3201 1.6523 2.0456 1.9122 1.3625 2.601 1.054 2.2594 1.7834 3.766 2.4559 2.2594 2.972 1.197 1.8281 4.1146 1.3817 2.2752 0.6114 1.7222 1.972 2.3073 1.8659 
