3
21
1
6
20
0.45
0.7
150
600000001 600000072 600000062 600000005 600000019 600000018 600000035 600000071 600000063 600000021 600000057 600000076 600000066 600000039 600000042 600000061 600000022 600000032 600000017 600000013 600000060 
14.2704 11.988 4.85002 4.23738 10.9508 31.7087 20.7354 1.43388 12.3362 10.6847 23.4542 33.1534 33.3665 20.2104 11.988 4.07894 14.0308 43.1486 12.7741 13.4631 
4 4 1 1 1 1 4 4 1 3 2 4 1 1 4 1 1 1 1 4 
1.0 
4.574 3.099 1.695 1.084 1.095 3.646 4.523 0.748 1.675 1.356 1.545 4.124 3.825 4.066 3.099 2.17 3.581 0.858 0.244 2.937 
4.574 3.099 1.695 1.084 1.095 3.646 4.523 0.748 1.675 1.356 1.545 4.124 3.825 4.066 3.099 2.17 3.581 0.858 0.244 2.937 
