1
31
1
6
20
0.45
0.7
200
600000001 600000046 600000081 600000072 600000076 600000066 600000028 600000040 600000080 600000027 600000043 600000059 600000036 600000062 600000069 600000018 600000057 600000047 600000022 600000061 600000038 600000054 600000020 600000079 600000002 600000019 600000052 600000078 600000060 600000071 600000055 
7.76419 14.5859 14.2704 23.4542 33.1534 21.0833 16.5875 42.8075 15.9702 28.0527 5.14612 18.4142 11.988 30.3937 10.9508 10.6847 37.5535 4.07894 11.988 28.1916 31.2587 15.6206 24.8799 4.51307 4.23738 13.8279 50.7646 13.4631 20.7354 4.8277 
1 2 4 2 4 1 1 2 1 1 4 1 4 4 1 3 1 1 4 1 3 1 2 1 1 1 2 4 4 3 
1.0 
2.0228 1.4889 2.2909 2.2232 1.8411 1.1448 1.8281 1.197 1.0423 1.9955 2.787 1.3201 0.9804 1.3765 2.2752 1.5802 2.0595 0.9721 0.9804 1.7222 1.6254 2.0802 1.054 2.6277 2.3073 1.8659 1.0842 0.5482 2.2398 1.767 
2.0228 1.4889 2.2909 2.2232 1.8411 1.1448 1.8281 1.197 1.0423 1.9955 2.787 1.3201 0.9804 1.3765 2.2752 1.5802 2.0595 0.9721 0.9804 1.7222 1.6254 2.0802 1.054 2.6277 2.3073 1.8659 1.0842 0.5482 2.2398 1.767 
