10
46
10
0
20
0.45
0.7
480
600000001 600000034 600000058 600000027 600000017 600000029 600000038 600000078 600000071 600000048 600000046 600000068 600000037 600000043 600000045 600000030 600000076 600000044 600000070 600000024 600000079 600000006 600000050 600000009 600000081 600000005 600000015 600000052 600000057 600000073 600000077 600000056 600000003 600000063 600000020 600000031 600000032 600000047 600000080 600000049 600000041 600000061 600000060 600000018 600000014 600000064 
12.1772 70.6864 15.9702 43.1486 11.9794 28.1916 50.7646 20.7354 30.3167 7.76419 76.066 32.8344 28.0527 11.4983 8.68552 23.4542 23.4255 18.7494 18.709 24.8799 6.46329 24.4242 30.9993 14.5859 4.85002 43.1486 13.8279 10.6847 1.21428 19.2899 62.5651 19.9514 1.43388 15.6206 29.2269 14.0308 37.5535 42.8075 19.9391 43.1657 11.988 13.4631 10.9508 6.57251 12.6644 
1 4 1 1 1 1 2 4 1 1 4 1 1 1 1 2 1 4 1 2 1 1 1 2 1 1 1 3 4 2 3 1 4 1 1 1 1 2 1 1 4 4 1 1 4 
1.0 0.9 0.8 0.7 0.6 0.5 0.4 0.3 0.2 0.1 
3.0431 5.3229 3.3711 5.9942 3.084 2.7319 3.1606 2.0761 2.103 2.342 2.4372 2.8081 2.673 2.4412 3.1189 5.7049 2.3923 2.7266 3.5847 3.2738 7.3635 1.3482 6.4537 2.9015 7.2477 6.3005 2.6416 5.0619 1.7866 3.4137 2.016 7.5963 5.9954 5.0837 3.0933 2.9628 2.3646 2.975 1.5173 2.5512 3.5275 3.7485 5.7569 5.9731 2.9715 
3.0431 5.3229 3.3711 5.9942 3.084 2.7319 3.1606 2.0761 2.103 2.342 2.4372 2.8081 2.673 2.4412 3.1189 5.7049 2.3923 2.7266 3.5847 3.2738 7.3635 1.3482 6.4537 2.9015 7.2477 6.3005 2.6416 5.0619 1.7866 3.4137 2.016 7.5963 5.9954 5.0837 3.0933 2.9628 2.3646 2.975 1.5173 2.5512 3.5275 3.7485 5.7569 5.9731 2.9715 
