7
31
9
0
20
0.45
0.7
480
600000001 600000039 600000052 600000049 600000065 600000010 600000047 600000043 600000080 600000059 600000028 600000051 600000003 600000054 600000071 600000055 600000075 600000026 600000011 600000036 600000038 600000056 600000066 600000072 600000034 600000018 600000069 600000031 600000032 600000062 600000014 
33.3665 13.8279 19.9391 54.2405 20.5659 37.5535 28.0527 42.8075 5.14612 21.0833 0.46741 19.9514 31.2587 20.7354 4.8277 1.46522 19.2899 10.9764 18.4142 28.1916 62.5651 33.1534 14.2704 12.1772 10.9508 30.3937 29.2269 14.0308 11.988 6.57251 
1 1 1 4 1 1 1 2 4 1 1 1 3 4 3 2 1 1 1 1 3 4 4 1 1 4 1 1 4 1 
1.0 0.888889 0.777778 0.666667 0.555556 0.444444 0.333333 0.222222 0.111111 
2.425 2.749 3.3345 2.9456 1.8437 2.5665 2.8372 2.0801 1.5951 1.956 1.4396 2.9914 2.4622 2.9577 2.6501 2.0624 1.9285 1.6023 1.827 2.6053 3.0029 2.7109 2.9827 2.0262 1.3975 2.2596 2.3246 1.8887 1.3431 1.4927 
2.425 2.749 3.3345 2.9456 1.8437 2.5665 2.8372 2.0801 1.5951 1.956 1.4396 2.9914 2.4622 2.9577 2.6501 2.0624 1.9285 1.6023 1.827 2.6053 3.0029 2.7109 2.9827 2.0262 1.3975 2.2596 2.3246 1.8887 1.3431 1.4927 
