2
66
1
6
20
0.45
0.7
300
600000001 600000022 600000061 600000057 600000008 600000059 600000073 600000020 600000081 600000039 600000049 600000028 600000048 600000079 600000034 600000072 600000067 600000036 600000029 600000064 600000033 600000069 600000080 600000078 600000055 600000014 600000076 600000083 600000031 600000075 600000030 600000046 600000082 600000063 600000070 600000058 600000037 600000077 600000025 600000015 600000045 600000024 600000004 600000019 600000044 600000041 600000013 600000054 600000032 600000023 600000060 600000052 600000035 600000050 600000005 600000009 600000010 600000011 600000051 600000043 600000047 600000017 600000062 600000018 600000056 600000026 
4.07894 11.988 10.6847 79.4018 5.14612 1.21428 15.6206 14.5859 33.3665 19.9391 21.0833 30.3167 24.8799 12.1772 14.2704 76.066 18.4142 11.9794 12.6644 31.6315 30.3937 42.8075 50.7646 4.8277 6.57251 23.4542 28.1916 29.2269 1.46522 8.68552 7.76419 12.7285 1.43388 18.7494 70.6864 32.8344 19.2899 6.22177 43.1486 11.4983 18.709 18.2616 4.23738 23.4255 43.1657 12.7741 31.2587 14.0308 137.48 13.4631 13.8279 31.7087 24.4242 4.85002 30.9993 20.5659 10.9764 0.46741 28.0527 37.5535 43.1486 11.988 10.9508 62.5651 19.2899 
1 4 3 1 4 4 1 2 1 1 1 1 2 1 4 4 1 1 4 1 4 2 2 3 1 2 2 1 2 1 1 2 4 4 4 1 2 1 1 1 1 1 1 1 1 1 3 1 1 4 1 1 1 1 1 1 1 1 1 1 1 4 1 3 1 
1.0 
0.9721 0.9804 1.5802 3.5498 2.787 2.7759 2.0802 1.4889 1.5419 2.6428 1.1448 2.2246 1.054 1.5193 2.2909 2.2594 1.3201 1.3164 1.1935 1.5211 1.3765 1.197 1.0842 1.767 2.4914 2.2232 1.7531 1.4038 3.0612 1.0994 2.0228 1.6454 2.5137 2.0456 1.8412 1.3866 1.125 0.9818 2.8188 1.972 0.8108 3.6384 2.3073 1.9122 1.6523 2.7661 1.6254 1.3817 0.6114 0.5482 1.8659 1.3625 2.7956 3.766 2.972 3.2184 2.601 0.8561 1.9955 2.0595 2.5125 0.9804 2.2752 2.3111 1.0077 
0.9721 0.9804 1.5802 3.5498 2.787 2.7759 2.0802 1.4889 1.5419 2.6428 1.1448 2.2246 1.054 1.5193 2.2909 2.2594 1.3201 1.3164 1.1935 1.5211 1.3765 1.197 1.0842 1.767 2.4914 2.2232 1.7531 1.4038 3.0612 1.0994 2.0228 1.6454 2.5137 2.0456 1.8412 1.3866 1.125 0.9818 2.8188 1.972 0.8108 3.6384 2.3073 1.9122 1.6523 2.7661 1.6254 1.3817 0.6114 0.5482 1.8659 1.3625 2.7956 3.766 2.972 3.2184 2.601 0.8561 1.9955 2.0595 2.5125 0.9804 2.2752 2.3111 1.0077 
