2
31
2
0
20
0.45
0.7
200
600000001 600000080 600000058 600000073 600000063 600000034 600000044 600000015 600000060 600000054 600000055 600000032 600000039 600000025 600000068 600000070 600000045 600000081 600000069 600000017 600000051 600000067 600000033 600000026 600000066 600000005 600000003 600000062 600000040 600000042 600000038 
42.8075 70.6864 1.21428 1.43388 12.1772 23.4255 43.1486 13.4631 31.2587 4.8277 14.0308 33.3665 6.22177 76.066 18.7494 11.4983 14.5859 30.3937 43.1486 0.46741 76.066 31.6315 19.2899 33.1534 4.85002 19.9514 11.988 16.5875 20.2104 28.1916 
2 4 4 4 1 1 1 4 3 3 1 1 1 4 4 1 2 4 1 1 4 1 1 4 1 1 4 1 1 1 
1.0 0.5 
3.48 1.523 5.059 0.748 3.719 4.155 0.51 2.937 3.908 4.05 3.581 3.825 3.204 4.459 4.329 4.172 3.772 3.659 0.858 2.537 4.459 3.804 3.291 4.124 1.695 2.044 3.099 4.111 4.066 4.005 
3.48 1.523 5.059 0.748 3.719 4.155 0.51 2.937 3.908 4.05 3.581 3.825 3.204 4.459 4.329 4.172 3.772 3.659 0.858 2.537 4.459 3.804 3.291 4.124 1.695 2.044 3.099 4.111 4.066 4.005 
