11
46
10
0
20
0.45
0.7
480
600000001 600000065 600000063 600000010 600000062 600000058 600000020 600000046 600000073 600000008 600000019 600000050 600000013 600000015 600000038 600000030 600000064 600000055 600000049 600000076 600000079 600000056 600000028 600000025 600000043 600000004 600000021 600000045 600000032 600000024 600000081 600000033 600000003 600000066 600000018 600000035 600000054 600000061 600000016 600000048 600000026 600000060 600000072 600000067 600000005 600000077 
54.2405 1.43388 20.5659 11.988 70.6864 15.6206 7.76419 1.21428 79.4018 4.23738 24.4242 12.7741 43.1486 28.1916 8.68552 12.6644 4.8277 19.9391 23.4542 24.8799 62.5651 21.0833 6.22177 28.0527 18.2616 12.3362 11.4983 14.0308 18.709 14.5859 31.6315 19.9514 33.1534 10.9508 31.7087 31.2587 11.988 15.9656 30.3167 19.2899 13.4631 14.2704 76.066 4.85002 19.2899 
4 4 1 4 4 1 1 4 1 1 1 1 1 1 1 4 3 1 2 2 3 1 1 1 1 1 1 1 1 2 1 1 4 1 1 3 4 1 1 1 4 4 4 1 2 
1.0 0.9 0.8 0.7 0.6 0.5 0.4 0.3 0.2 0.1 
2.9908 5.9954 6.473 3.5275 5.3229 5.0837 2.342 1.7866 7.0315 5.7567 1.3482 6.2477 6.3005 2.7319 3.1189 2.9715 2.7551 1.5173 5.7049 3.2738 2.016 3.2105 3.5959 2.673 7.1201 4.8536 2.4412 2.9628 3.5847 2.9015 2.9879 7.5963 2.5508 5.7569 2.8289 2.5264 3.5275 5.9376 2.103 3.2562 3.7485 1.9254 2.4372 7.2477 3.4137 
2.9908 5.9954 6.473 3.5275 5.3229 5.0837 2.342 1.7866 7.0315 5.7567 1.3482 6.2477 6.3005 2.7319 3.1189 2.9715 2.7551 1.5173 5.7049 3.2738 2.016 3.2105 3.5959 2.673 7.1201 4.8536 2.4412 2.9628 3.5847 2.9015 2.9879 7.5963 2.5508 5.7569 2.8289 2.5264 3.5275 5.9376 2.103 3.2562 3.7485 1.9254 2.4372 7.2477 3.4137 
