2
76
3
6
20
0.45
0.7
300
600000001 600000021 600000038 600000056 600000073 600000057 600000061 600000080 600000008 600000049 600000052 600000005 600000022 600000058 600000054 600000025 600000029 600000051 600000075 600000026 600000040 600000024 600000043 600000050 600000017 600000045 600000062 600000020 600000011 600000068 600000077 600000039 600000031 600000081 600000059 600000071 600000004 600000066 600000014 600000072 600000065 600000044 600000063 600000035 600000033 600000046 600000023 600000034 600000042 600000041 600000070 600000079 600000030 600000009 600000027 600000060 600000015 600000013 600000019 600000037 600000055 600000028 600000018 600000003 600000032 600000048 600000036 600000006 600000078 600000067 600000016 600000010 600000064 600000076 600000083 600000047 
12.3362 28.1916 62.5651 1.21428 10.6847 11.988 42.8075 79.4018 19.9391 13.8279 4.85002 4.07894 70.6864 31.2587 6.22177 11.9794 0.46741 1.46522 19.2899 16.5875 18.709 28.0527 24.4242 43.1486 11.4983 11.988 15.6206 10.9764 76.066 19.2899 33.3665 29.2269 14.5859 5.14612 20.7354 18.2616 33.1534 6.57251 14.2704 54.2405 23.4255 1.43388 31.7087 31.6315 7.76419 137.48 12.1772 20.2104 43.1657 18.7494 24.8799 8.68552 30.9993 15.9702 13.4631 43.1486 12.7741 4.23738 32.8344 4.8277 21.0833 10.9508 19.9514 14.0308 30.3167 18.4142 6.46329 50.7646 76.066 15.9656 20.5659 12.6644 23.4542 28.1916 37.5535 
1 1 3 4 3 4 2 1 1 1 1 1 4 3 1 1 1 2 1 1 1 1 1 1 1 4 1 1 4 2 1 1 2 4 4 1 4 1 4 4 1 4 1 1 1 1 1 1 1 4 2 1 1 1 4 1 1 1 1 3 1 1 1 1 1 1 1 2 4 1 1 4 2 2 1 
1.0 0.666667 0.333333 
1.675 4.005 4.594 5.059 1.356 3.099 3.48 1.456 4.926 4.149 1.695 2.17 1.523 3.908 3.204 3.599 2.537 0.6 3.291 4.111 3.0 4.278 5.079 0.858 4.172 3.099 1.688 0.446 4.459 3.408 3.825 3.687 3.772 1.111 4.523 1.567 4.124 0.51 4.574 4.308 4.155 0.748 3.646 3.804 4.222 3.0 3.719 4.066 3.935 4.329 3.257 3.382 0.345 3.242 2.937 0.51 0.244 1.084 3.67 4.05 3.388 1.095 2.044 3.581 4.508 3.52 1.811 3.367 4.459 0.84 1.258 3.476 1.545 4.036 4.259 
1.675 4.005 4.594 5.059 1.356 3.099 3.48 1.456 4.926 4.149 1.695 2.17 1.523 3.908 3.204 3.599 2.537 0.6 3.291 4.111 3.0 4.278 5.079 0.858 4.172 3.099 1.688 0.446 4.459 3.408 3.825 3.687 3.772 1.111 4.523 1.567 4.124 0.51 4.574 4.308 4.155 0.748 3.646 3.804 4.222 3.0 3.719 4.066 3.935 4.329 3.257 3.382 0.345 3.242 2.937 0.51 0.244 1.084 3.67 4.05 3.388 1.095 2.044 3.581 4.508 3.52 1.811 3.367 4.459 0.84 1.258 3.476 1.545 4.036 4.259 
