3
21
1
6
20
0.45
0.7
150
600000001 600000039 600000063 600000075 600000082 600000057 600000009 600000030 600000056 600000050 600000052 600000005 600000041 600000055 600000044 600000017 600000067 600000031 600000059 600000073 600000032 
33.3665 1.43388 1.46522 12.7285 10.6847 30.9993 8.68552 62.5651 24.4242 13.8279 4.85002 43.1657 4.8277 23.4255 43.1486 76.066 29.2269 5.14612 1.21428 14.0308 
1 4 2 2 3 1 1 3 1 1 1 1 3 1 1 4 1 4 4 1 
1.0 
2.425 1.5149 2.0624 2.5662 0.9738 1.9733 1.9825 3.0029 3.4873 2.749 2.6428 2.4329 2.6501 2.4992 1.6198 2.7663 2.3246 1.5951 3.4677 1.8887 
2.425 1.5149 2.0624 2.5662 0.9738 1.9733 1.9825 3.0029 3.4873 2.749 2.6428 2.4329 2.6501 2.4992 1.6198 2.7663 2.3246 1.5951 3.4677 1.8887 
