1
56
4
6
20
0.45
0.7
300
600000001 600000040 600000020 600000019 600000071 600000078 600000021 600000023 600000083 600000056 600000026 600000070 600000063 600000067 600000005 600000037 600000061 600000014 600000082 600000036 600000052 600000051 600000043 600000076 600000015 600000011 600000059 600000077 600000075 600000035 600000066 600000045 600000031 600000049 600000022 600000003 600000073 600000047 600000080 600000057 600000013 600000032 600000041 600000054 600000038 600000009 600000046 600000060 600000039 600000025 600000034 600000081 600000064 600000027 600000010 600000058 
16.5875 15.6206 4.23738 20.7354 50.7646 12.3362 137.48 28.1916 62.5651 19.2899 18.7494 1.43388 76.066 4.85002 32.8344 11.988 6.57251 12.7285 18.4142 13.8279 0.46741 28.0527 23.4542 43.1486 10.9764 5.14612 19.2899 1.46522 31.7087 33.1534 11.4983 29.2269 19.9391 4.07894 19.9514 1.21428 37.5535 42.8075 10.6847 12.7741 14.0308 43.1657 31.2587 28.1916 30.9993 7.76419 13.4631 33.3665 6.22177 12.1772 14.5859 12.6644 15.9702 20.5659 70.6864 
1 1 1 4 2 1 1 2 3 1 4 4 4 1 1 4 1 2 1 1 1 1 2 1 1 4 2 2 1 4 1 1 1 1 1 4 1 2 3 1 1 1 3 1 1 1 4 1 1 1 2 4 1 1 4 
1.0 0.75 0.5 0.25 
1.8281 2.0802 2.3073 2.2398 1.0842 1.3719 0.6114 1.7531 2.3111 1.0077 2.0456 2.5137 2.2594 3.766 1.3866 0.9804 2.4914 1.6454 1.3201 1.8659 0.8561 1.9955 2.2232 2.8188 2.601 2.787 1.125 3.0612 1.3625 1.8411 1.972 1.4038 2.6428 0.9721 4.1146 2.7759 2.0595 1.197 1.5802 2.7661 1.3817 1.6523 1.6254 1.7222 2.972 2.0228 0.5482 1.5419 0.9818 1.5193 1.4889 1.1935 1.0423 3.2184 1.8412 
1.8281 2.0802 2.3073 2.2398 1.0842 1.3719 0.6114 1.7531 2.3111 1.0077 2.0456 2.5137 2.2594 3.766 1.3866 0.9804 2.4914 1.6454 1.3201 1.8659 0.8561 1.9955 2.2232 2.8188 2.601 2.787 1.125 3.0612 1.3625 1.8411 1.972 1.4038 2.6428 0.9721 4.1146 2.7759 2.0595 1.197 1.5802 2.7661 1.3817 1.6523 1.6254 1.7222 2.972 2.0228 0.5482 1.5419 0.9818 1.5193 1.4889 1.1935 1.0423 3.2184 1.8412 
