2
56
2
6
20
0.45
0.7
300
600000001 600000041 600000022 600000077 600000026 600000070 600000075 600000025 600000059 600000061 600000032 600000067 600000073 600000009 600000081 600000068 600000056 600000080 600000071 600000066 600000024 600000028 600000029 600000082 600000045 600000014 600000011 600000036 600000034 600000030 600000057 600000048 600000060 600000062 600000078 600000042 600000069 600000037 600000019 600000020 600000013 600000016 600000052 600000058 600000017 600000038 600000039 600000049 600000027 600000051 600000010 600000005 600000083 600000008 600000031 600000044 
43.1657 4.07894 19.2899 19.2899 18.7494 1.46522 6.22177 5.14612 11.988 14.0308 76.066 1.21428 30.9993 14.5859 76.066 62.5651 42.8075 20.7354 33.1534 18.709 21.0833 11.9794 12.7285 11.4983 6.57251 10.9764 18.4142 12.1772 8.68552 10.6847 30.3167 13.4631 11.988 50.7646 20.2104 30.3937 32.8344 4.23738 15.6206 12.7741 15.9656 13.8279 70.6864 43.1486 28.1916 33.3665 19.9391 15.9702 0.46741 20.5659 4.85002 28.1916 79.4018 29.2269 23.4255 
1 1 2 1 4 2 1 4 4 1 4 4 1 2 4 3 2 4 4 1 1 1 2 1 1 1 1 1 1 3 1 4 4 2 1 4 1 1 1 1 1 1 4 1 1 1 1 1 1 1 1 2 1 1 1 
1.0 0.5 
3.935 2.17 3.408 3.291 4.329 0.6 3.204 1.111 3.099 3.581 4.459 5.059 0.345 3.772 4.459 4.594 3.48 4.523 4.124 3.0 3.388 3.599 3.928 4.172 0.51 0.446 3.52 3.719 3.382 1.356 4.508 2.937 3.099 3.367 4.066 3.659 3.67 1.084 1.688 0.244 0.84 4.149 1.523 0.858 4.005 3.825 4.926 3.242 2.537 1.258 1.695 4.036 1.456 3.687 4.155 
3.935 2.17 3.408 3.291 4.329 0.6 3.204 1.111 3.099 3.581 4.459 5.059 0.345 3.772 4.459 4.594 3.48 4.523 4.124 3.0 3.388 3.599 3.928 4.172 0.51 0.446 3.52 3.719 3.382 1.356 4.508 2.937 3.099 3.367 4.066 3.659 3.67 1.084 1.688 0.244 0.84 4.149 1.523 0.858 4.005 3.825 4.926 3.242 2.537 1.258 1.695 4.036 1.456 3.687 4.155 
