1
83
6
6
20
0.45
0.7
300
600000001 600000002 600000003 600000004 600000005 600000006 600000008 600000009 600000010 600000011 600000013 600000014 600000015 600000016 600000017 600000018 600000019 600000020 600000021 600000022 600000023 600000024 600000025 600000026 600000027 600000028 600000029 600000030 600000031 600000032 600000033 600000034 600000035 600000036 600000037 600000038 600000039 600000040 600000041 600000042 600000043 600000044 600000045 600000046 600000047 600000048 600000049 600000050 600000051 600000052 600000054 600000055 600000056 600000057 600000058 600000059 600000060 600000061 600000062 600000063 600000064 600000065 600000066 600000067 600000068 600000069 600000070 600000071 600000072 600000073 600000075 600000076 600000077 600000078 600000079 600000080 600000081 600000082 600000083 600000084 600000085 600000086 600000087 
4.51307 19.9514 18.2616 4.85002 6.46329 79.4018 30.9993 20.5659 10.9764 12.7741 6.57251 43.1486 15.9656 43.1486 10.9508 4.23738 15.6206 12.3362 4.07894 137.48 18.709 6.22177 19.2899 15.9702 21.0833 11.9794 8.68552 29.2269 14.0308 31.6315 12.1772 31.7087 18.4142 32.8344 28.1916 33.3665 16.5875 43.1657 20.2104 28.0527 23.4255 11.4983 7.76419 37.5535 30.3167 19.9391 24.4242 0.46741 13.8279 31.2587 4.8277 62.5651 10.6847 70.6864 5.14612 13.4631 11.988 11.988 1.43388 12.6644 54.2405 33.1534 76.066 76.066 30.3937 18.7494 20.7354 14.2704 1.21428 1.46522 23.4542 19.2899 50.7646 24.8799 42.8075 14.5859 12.7285 28.1916 28.0527 23.21 12.9082 2.73643 
1 1 1 1 1 1 1 1 1 1 1 1 1 1 1 1 1 1 1 1 1 1 1 1 1 1 1 1 1 1 1 1 1 1 1 1 1 1 1 1 1 1 1 1 1 1 1 1 1 3 3 3 3 4 4 4 4 4 4 4 4 4 4 4 4 4 4 4 4 2 2 2 2 2 2 2 2 2 2 2 2 2 
1.0 0.833333 0.666667 0.5 0.333333 0.166667 
2.6277 4.1146 3.6384 3.766 3.8818 3.5498 2.972 3.2184 2.601 2.7661 2.4914 2.8188 2.4559 2.5125 2.2752 2.3073 2.0802 1.3719 0.9721 0.6114 0.8108 0.9818 1.0077 1.0423 1.1448 1.3164 1.0994 1.4038 1.3817 1.5211 1.5193 1.3625 1.3201 1.3866 1.7222 1.5419 1.8281 1.6523 1.7834 1.9955 1.9122 1.972 2.0228 2.0595 2.2246 2.6428 2.7956 0.8561 1.8659 1.6254 1.767 2.3111 1.5802 1.8412 2.787 0.5482 0.9804 0.9804 2.5137 1.1935 2.0249 1.8411 2.2594 2.2594 1.3765 2.0456 2.2398 2.2909 2.7759 3.0612 2.2232 1.125 1.0842 1.054 1.197 1.4889 1.6454 1.7531 1.8913 2.1847 2.7544 2.7843 
2.6277 4.1146 3.6384 3.766 3.8818 3.5498 2.972 3.2184 2.601 2.7661 2.4914 2.8188 2.4559 2.5125 2.2752 2.3073 2.0802 1.3719 0.9721 0.6114 0.8108 0.9818 1.0077 1.0423 1.1448 1.3164 1.0994 1.4038 1.3817 1.5211 1.5193 1.3625 1.3201 1.3866 1.7222 1.5419 1.8281 1.6523 1.7834 1.9955 1.9122 1.972 2.0228 2.0595 2.2246 2.6428 2.7956 0.8561 1.8659 1.6254 1.767 2.3111 1.5802 1.8412 2.787 0.5482 0.9804 0.9804 2.5137 1.1935 2.0249 1.8411 2.2594 2.2594 1.3765 2.0456 2.2398 2.2909 2.7759 3.0612 2.2232 1.125 1.0842 1.054 1.197 1.4889 1.6454 1.7531 1.8913 2.1847 2.7544 2.7843 
