8
56
11
0
20
0.45
0.7
480
600000001 600000050 600000011 600000069 600000026 600000067 600000036 600000004 600000041 600000082 600000031 600000072 600000025 600000055 600000081 600000071 600000078 600000008 600000054 600000051 600000033 600000019 600000075 600000047 600000009 600000065 600000027 600000046 600000062 600000060 600000079 600000061 600000021 600000010 600000002 600000038 600000045 600000058 600000006 600000028 600000034 600000024 600000029 600000022 600000076 600000023 600000048 600000039 600000037 600000014 600000020 600000057 600000068 600000077 600000070 600000049 
24.4242 10.9764 30.3937 19.2899 76.066 18.4142 18.2616 43.1657 12.7285 29.2269 14.2704 6.22177 4.8277 14.5859 20.7354 50.7646 79.4018 31.2587 0.46741 31.6315 4.23738 1.46522 37.5535 30.9993 54.2405 15.9702 7.76419 11.988 13.4631 24.8799 11.988 12.3362 20.5659 4.51307 28.1916 11.4983 70.6864 6.46329 21.0833 12.1772 18.709 11.9794 4.07894 23.4542 137.48 30.3167 33.3665 32.8344 6.57251 15.6206 10.6847 76.066 19.2899 18.7494 19.9391 
1 1 4 1 4 1 1 1 2 1 4 1 3 2 4 2 1 3 1 1 1 2 1 1 4 1 1 4 4 2 4 1 1 1 1 1 4 1 1 1 1 1 1 2 1 1 1 1 1 1 3 4 2 4 1 
1.0 0.909091 0.818182 0.727273 0.636364 0.545455 0.454545 0.363636 0.272727 0.181818 0.090909 
1.3482 6.0827 2.8141 3.2562 2.4372 3.2098 7.1201 2.5512 2.7431 3.0933 1.9254 3.5959 2.7551 2.9015 2.0761 3.1606 7.0315 2.5264 4.3308 2.9879 5.7567 6.5429 2.3646 6.4537 2.9908 3.3711 2.342 3.5275 3.7485 3.2738 3.5275 4.8536 6.473 6.1094 2.7319 2.4412 5.3229 7.3635 3.2105 3.0431 3.5847 3.084 4.4538 5.7049 3.8116 2.103 2.6806 2.8081 5.9731 5.0837 5.0619 2.4372 3.4137 2.7266 1.5173 
1.3482 6.0827 2.8141 3.2562 2.4372 3.2098 7.1201 2.5512 2.7431 3.0933 1.9254 3.5959 2.7551 2.9015 2.0761 3.1606 7.0315 2.5264 4.3308 2.9879 5.7567 6.5429 2.3646 6.4537 2.9908 3.3711 2.342 3.5275 3.7485 3.2738 3.5275 4.8536 6.473 6.1094 2.7319 2.4412 5.3229 7.3635 3.2105 3.0431 3.5847 3.084 4.4538 5.7049 3.8116 2.103 2.6806 2.8081 5.9731 5.0837 5.0619 2.4372 3.4137 2.7266 1.5173 
