2
21
1
6
20
0.45
0.7
150
600000001 600000059 600000042 600000035 600000023 600000064 600000005 600000014 600000073 600000043 600000072 600000041 600000046 600000081 600000048 600000067 600000051 600000037 600000032 600000021 600000062 
5.14612 20.2104 31.7087 137.48 12.6644 4.85002 6.57251 1.21428 28.0527 14.2704 43.1657 7.76419 14.5859 30.3167 76.066 0.46741 32.8344 14.0308 12.3362 11.988 
4 1 1 1 4 1 1 4 1 4 1 1 2 1 4 1 1 1 1 4 
1.0 
1.5951 2.6665 2.2151 1.8511 2.0766 2.6428 1.4927 3.4677 2.8372 2.9827 2.4329 2.5297 2.4096 2.9 2.7663 1.4396 2.2392 1.8887 1.3893 1.3431 
1.5951 2.6665 2.2151 1.8511 2.0766 2.6428 1.4927 3.4677 2.8372 2.9827 2.4329 2.5297 2.4096 2.9 2.7663 1.4396 2.2392 1.8887 1.3893 1.3431 
