1
56
4
6
20
0.45
0.7
300
600000001 600000041 600000066 600000054 600000043 600000072 600000028 600000036 600000067 600000017 600000064 600000015 600000019 600000070 600000004 600000003 600000027 600000032 600000073 600000008 600000059 600000031 600000029 600000052 600000048 600000009 600000005 600000042 600000062 600000065 600000010 600000002 600000038 600000011 600000025 600000040 600000080 600000030 600000075 600000081 600000006 600000050 600000035 600000058 600000024 600000079 600000018 600000046 600000037 600000047 600000076 600000045 600000061 600000020 600000023 600000082 
43.1657 33.1534 31.2587 28.0527 14.2704 21.0833 18.4142 76.066 43.1486 12.6644 43.1486 4.23738 18.7494 18.2616 19.9514 15.9702 14.0308 1.21428 79.4018 5.14612 29.2269 11.9794 13.8279 30.3167 30.9993 4.85002 20.2104 11.988 54.2405 20.5659 4.51307 28.1916 10.9764 6.22177 16.5875 42.8075 8.68552 1.46522 14.5859 6.46329 24.4242 31.7087 70.6864 18.709 24.8799 10.9508 7.76419 32.8344 37.5535 23.4542 11.4983 11.988 15.6206 137.48 12.7285 
1 4 3 1 4 1 1 4 1 4 1 1 4 1 1 1 1 4 1 4 1 1 1 1 1 1 1 4 4 1 1 1 1 1 1 2 1 2 2 1 1 1 4 1 2 1 1 1 1 2 1 4 1 1 2 
1.0 0.75 0.5 0.25 
1.6523 1.8411 1.6254 1.9955 2.2909 1.1448 1.3201 2.2594 2.5125 1.1935 2.8188 2.3073 2.0456 3.6384 4.1146 1.0423 1.3817 2.7759 3.5498 2.787 1.4038 1.3164 1.8659 2.2246 2.972 3.766 1.7834 0.9804 2.0249 3.2184 2.6277 1.7222 2.601 0.9818 1.8281 1.197 1.0994 3.0612 1.4889 3.8818 2.7956 1.3625 1.8412 0.8108 1.054 2.2752 2.0228 1.3866 2.0595 2.2232 1.972 0.9804 2.0802 0.6114 1.6454 
1.6523 1.8411 1.6254 1.9955 2.2909 1.1448 1.3201 2.2594 2.5125 1.1935 2.8188 2.3073 2.0456 3.6384 4.1146 1.0423 1.3817 2.7759 3.5498 2.787 1.4038 1.3164 1.8659 2.2246 2.972 3.766 1.7834 0.9804 2.0249 3.2184 2.6277 1.7222 2.601 0.9818 1.8281 1.197 1.0994 3.0612 1.4889 3.8818 2.7956 1.3625 1.8412 0.8108 1.054 2.2752 2.0228 1.3866 2.0595 2.2232 1.972 0.9804 2.0802 0.6114 1.6454 
