1
66
6
6
20
0.45
0.7
300
600000001 600000042 600000014 600000021 600000081 600000030 600000009 600000044 600000017 600000037 600000016 600000048 600000006 600000064 600000071 600000062 600000066 600000024 600000078 600000031 600000011 600000072 600000076 600000057 600000041 600000054 600000036 600000077 600000023 600000018 600000052 600000035 600000004 600000083 600000040 600000045 600000051 600000063 600000028 600000039 600000065 600000002 600000026 600000032 600000050 600000046 600000033 600000070 600000059 600000027 600000015 600000003 600000075 600000034 600000056 600000069 600000022 600000049 600000073 600000061 600000043 600000029 600000079 600000058 600000038 600000008 
20.2104 6.57251 12.3362 14.5859 8.68552 30.9993 23.4255 43.1486 32.8344 15.9656 30.3167 6.46329 12.6644 20.7354 11.988 33.1534 18.709 50.7646 29.2269 10.9764 14.2704 23.4542 10.6847 43.1657 31.2587 18.4142 19.2899 137.48 10.9508 13.8279 31.7087 18.2616 28.1916 16.5875 11.4983 0.46741 1.43388 21.0833 33.3665 54.2405 4.51307 19.2899 14.0308 24.4242 7.76419 31.6315 18.7494 5.14612 15.9702 43.1486 19.9514 1.46522 12.1772 62.5651 30.3937 4.07894 19.9391 1.21428 11.988 28.0527 11.9794 24.8799 70.6864 28.1916 79.4018 
1 1 1 2 1 1 1 1 1 1 1 1 4 4 4 4 1 2 1 1 4 2 3 1 3 1 2 1 1 1 1 1 2 1 1 1 4 1 1 4 1 1 1 1 1 1 4 4 1 1 1 2 1 3 4 1 1 4 4 1 1 2 4 1 1 
1.0 0.833333 0.666667 0.5 0.333333 0.166667 
4.066 0.51 1.675 3.772 3.382 0.345 4.155 0.858 3.67 0.84 4.508 1.811 3.476 4.523 3.099 4.124 3.0 3.367 3.687 0.446 4.574 1.545 1.356 3.935 3.908 3.52 3.408 3.0 1.095 4.149 3.646 1.567 4.036 4.111 4.172 2.537 0.748 3.388 3.825 4.308 0.911 3.291 3.581 5.079 4.222 3.804 4.329 1.111 3.242 0.51 2.044 0.6 3.719 4.594 3.659 2.17 4.926 5.059 3.099 4.278 3.599 3.257 1.523 4.005 1.456 
4.066 0.51 1.675 3.772 3.382 0.345 4.155 0.858 3.67 0.84 4.508 1.811 3.476 4.523 3.099 4.124 3.0 3.367 3.687 0.446 4.574 1.545 1.356 3.935 3.908 3.52 3.408 3.0 1.095 4.149 3.646 1.567 4.036 4.111 4.172 2.537 0.748 3.388 3.825 4.308 0.911 3.291 3.581 5.079 4.222 3.804 4.329 1.111 3.242 0.51 2.044 0.6 3.719 4.594 3.659 2.17 4.926 5.059 3.099 4.278 3.599 3.257 1.523 4.005 1.456 
