1
21
4
6
20
0.45
0.7
150
600000001 600000060 600000014 600000043 600000036 600000037 600000016 600000049 600000083 600000058 600000004 600000028 600000021 600000020 600000003 600000067 600000033 600000019 600000055 600000081 600000045 
13.4631 6.57251 28.0527 18.4142 32.8344 15.9656 19.9391 28.1916 70.6864 18.2616 21.0833 12.3362 15.6206 19.9514 76.066 31.6315 4.23738 4.8277 14.5859 11.4983 
4 1 1 1 1 1 1 2 4 1 1 1 1 1 4 1 1 3 2 1 
1.0 0.75 0.5 0.25 
3.7485 5.9731 2.673 3.2098 2.8081 5.9376 1.5173 2.9821 5.3229 7.1201 3.2105 4.8536 5.0837 7.5963 2.4372 2.9879 5.7567 2.7551 2.9015 2.4412 
3.7485 5.9731 2.673 3.2098 2.8081 5.9376 1.5173 2.9821 5.3229 7.1201 3.2105 4.8536 5.0837 7.5963 2.4372 2.9879 5.7567 2.7551 2.9015 2.4412 
