2
66
1
6
20
0.45
0.7
300
600000001 600000022 600000050 600000008 600000046 600000052 600000077 600000004 600000083 600000047 600000059 600000048 600000015 600000075 600000068 600000021 600000003 600000029 600000070 600000079 600000018 600000069 600000026 600000067 600000062 600000039 600000040 600000063 600000016 600000065 600000024 600000043 600000036 600000042 600000023 600000037 600000051 600000033 600000054 600000056 600000009 600000060 600000041 600000055 600000017 600000066 600000073 600000081 600000072 600000076 600000082 600000058 600000044 600000028 600000025 600000011 600000080 600000019 600000010 600000071 600000014 600000038 600000030 600000005 600000064 600000057 
4.07894 24.4242 79.4018 7.76419 13.8279 19.2899 18.2616 28.1916 37.5535 5.14612 30.3167 43.1486 1.46522 76.066 12.3362 19.9514 11.9794 18.7494 24.8799 10.9508 30.3937 19.2899 76.066 11.988 33.3665 16.5875 1.43388 15.9656 54.2405 18.709 28.0527 18.4142 20.2104 137.48 32.8344 0.46741 31.6315 31.2587 62.5651 30.9993 13.4631 43.1657 4.8277 43.1486 33.1534 1.21428 14.5859 14.2704 23.4542 12.7285 70.6864 23.4255 21.0833 6.22177 10.9764 42.8075 4.23738 20.5659 20.7354 6.57251 28.1916 8.68552 4.85002 12.6644 10.6847 
1 1 1 1 1 2 1 2 1 4 1 1 2 4 1 1 1 4 2 1 4 1 4 4 1 1 4 1 4 1 1 1 1 1 1 1 1 3 3 1 4 1 3 1 4 4 2 4 2 2 4 1 1 1 1 2 1 1 4 1 1 1 1 4 3 
1.0 
1.7247 3.4873 2.4266 2.5297 2.749 2.0458 2.5152 2.6739 2.5665 1.5951 2.9 1.9166 2.0624 2.7663 1.3893 2.9914 2.2372 2.8873 1.8252 1.3975 2.2596 1.9285 2.7663 1.3431 2.425 2.7113 1.5149 1.4424 2.9456 1.2954 2.8372 1.827 2.6665 1.8511 2.2392 1.4396 2.3737 2.4622 3.0029 1.9733 1.7879 2.4329 2.6501 1.6198 2.7109 3.4677 2.4096 2.9827 1.5457 2.5662 1.8952 2.4992 1.956 1.7716 1.6023 2.0801 1.1274 1.8437 2.9577 1.4927 2.6053 1.9825 2.6428 2.0766 0.9738 
1.7247 3.4873 2.4266 2.5297 2.749 2.0458 2.5152 2.6739 2.5665 1.5951 2.9 1.9166 2.0624 2.7663 1.3893 2.9914 2.2372 2.8873 1.8252 1.3975 2.2596 1.9285 2.7663 1.3431 2.425 2.7113 1.5149 1.4424 2.9456 1.2954 2.8372 1.827 2.6665 1.8511 2.2392 1.4396 2.3737 2.4622 3.0029 1.9733 1.7879 2.4329 2.6501 1.6198 2.7109 3.4677 2.4096 2.9827 1.5457 2.5662 1.8952 2.4992 1.956 1.7716 1.6023 2.0801 1.1274 1.8437 2.9577 1.4927 2.6053 1.9825 2.6428 2.0766 0.9738 
