1
31
5
6
20
0.45
0.7
200
600000001 600000063 600000020 600000069 600000081 600000040 600000068 600000080 600000061 600000058 600000034 600000019 600000065 600000021 600000035 600000018 600000060 600000023 600000059 600000029 600000016 600000042 600000010 600000045 600000057 600000077 600000049 600000041 600000067 600000022 600000017 
1.43388 15.6206 30.3937 14.5859 16.5875 76.066 42.8075 11.988 70.6864 12.1772 4.23738 54.2405 12.3362 31.7087 10.9508 13.4631 137.48 5.14612 11.9794 15.9656 20.2104 20.5659 11.4983 10.6847 19.2899 19.9391 43.1657 76.066 4.07894 43.1486 
4 1 4 2 1 4 2 4 4 1 1 4 1 1 1 4 1 4 1 1 1 1 1 3 2 1 1 4 1 1 
1.0 0.8 0.6 0.4 0.2 
5.9954 5.0837 2.8141 2.9015 2.8378 2.4372 2.975 3.5275 5.3229 3.0431 5.7567 2.9908 4.8536 2.8289 5.7569 3.7485 3.8116 6.2245 3.084 5.9376 2.5847 6.473 2.4412 5.0619 3.4137 1.5173 2.5512 2.4372 4.4538 5.9942 
5.9954 5.0837 2.8141 2.9015 2.8378 2.4372 2.975 3.5275 5.3229 3.0431 5.7567 2.9908 4.8536 2.8289 5.7569 3.7485 3.8116 6.2245 3.084 5.9376 2.5847 6.473 2.4412 5.0619 3.4137 1.5173 2.5512 2.4372 4.4538 5.9942 
