8
66
11
0
20
0.45
0.7
480
600000001 600000049 600000060 600000076 600000006 600000035 600000079 600000037 600000039 600000066 600000029 600000082 600000031 600000045 600000067 600000040 600000062 600000061 600000042 600000015 600000075 600000070 600000046 600000019 600000032 600000008 600000047 600000022 600000013 600000044 600000050 600000005 600000071 600000077 600000069 600000020 600000017 600000027 600000059 600000081 600000028 600000009 600000054 600000051 600000016 600000014 600000003 600000063 600000004 600000056 600000011 600000038 600000052 600000065 600000078 600000073 600000043 600000033 600000023 600000058 600000068 600000048 600000030 600000080 600000021 600000002 
19.9391 13.4631 23.4542 6.46329 31.7087 24.8799 32.8344 33.3665 33.1534 11.9794 12.7285 29.2269 11.4983 76.066 16.5875 11.988 11.988 20.2104 43.1486 1.46522 18.7494 7.76419 4.23738 14.0308 79.4018 37.5535 4.07894 12.7741 23.4255 24.4242 4.85002 20.7354 19.2899 30.3937 15.6206 43.1486 15.9702 5.14612 14.5859 21.0833 30.9993 31.2587 0.46741 15.9656 6.57251 19.9514 1.43388 18.2616 62.5651 10.9764 28.1916 13.8279 54.2405 50.7646 1.21428 28.0527 31.6315 137.48 70.6864 76.066 30.3167 8.68552 42.8075 12.3362 4.51307 
1 4 2 1 1 2 1 1 4 1 2 1 1 4 1 4 4 1 1 2 4 1 1 1 1 1 1 1 1 1 1 4 2 4 1 1 1 4 2 1 1 3 1 1 1 1 4 1 3 1 1 1 4 2 4 1 1 1 4 4 1 1 2 1 1 
1.0 0.909091 0.818182 0.727273 0.636364 0.545455 0.454545 0.363636 0.272727 0.181818 0.090909 
4.926 2.937 1.545 1.811 3.646 3.257 3.67 3.825 4.124 3.599 3.928 3.687 4.172 4.459 4.111 3.099 3.099 4.066 0.51 0.6 4.329 4.222 1.084 3.581 1.456 4.259 2.17 0.244 4.155 5.079 1.695 4.523 3.408 3.659 1.688 0.858 3.242 1.111 3.772 3.388 0.345 3.908 2.537 0.84 0.51 2.044 0.748 1.567 4.594 0.446 4.005 4.149 4.308 3.367 5.059 4.278 3.804 3.0 1.523 4.459 4.508 3.382 3.48 1.675 0.911 
4.926 2.937 1.545 1.811 3.646 3.257 3.67 3.825 4.124 3.599 3.928 3.687 4.172 4.459 4.111 3.099 3.099 4.066 0.51 0.6 4.329 4.222 1.084 3.581 1.456 4.259 2.17 0.244 4.155 5.079 1.695 4.523 3.408 3.659 1.688 0.858 3.242 1.111 3.772 3.388 0.345 3.908 2.537 0.84 0.51 2.044 0.748 1.567 4.594 0.446 4.005 4.149 4.308 3.367 5.059 4.278 3.804 3.0 1.523 4.459 4.508 3.382 3.48 1.675 0.911 
