8
66
12
0
20
0.45
0.7
480
600000001 600000057 600000005 600000046 600000013 600000082 600000059 600000049 600000070 600000052 600000063 600000021 600000042 600000029 600000043 600000062 600000066 600000011 600000050 600000071 600000036 600000080 600000075 600000008 600000035 600000060 600000015 600000041 600000023 600000081 600000009 600000028 600000031 600000030 600000064 600000020 600000077 600000076 600000014 600000024 600000025 600000055 600000047 600000073 600000044 600000056 600000078 600000019 600000058 600000072 600000061 600000006 600000022 600000068 600000040 600000027 600000037 600000067 600000051 600000010 600000083 600000065 600000069 600000039 600000045 600000026 
10.6847 4.85002 7.76419 12.7741 12.7285 5.14612 19.9391 18.7494 13.8279 1.43388 12.3362 20.2104 11.9794 28.0527 11.988 33.1534 10.9764 24.4242 20.7354 18.4142 42.8075 1.46522 79.4018 31.7087 13.4631 43.1486 43.1657 137.48 14.5859 30.9993 21.0833 29.2269 8.68552 12.6644 15.6206 19.2899 23.4542 6.57251 18.709 6.22177 4.8277 37.5535 1.21428 23.4255 62.5651 50.7646 4.23738 70.6864 14.2704 11.988 6.46329 4.07894 76.066 16.5875 15.9702 32.8344 76.066 0.46741 20.5659 28.1916 54.2405 30.3937 33.3665 11.4983 19.2899 
3 1 1 1 2 4 1 4 1 4 1 1 1 1 4 4 1 1 4 1 2 2 1 1 4 1 1 1 2 1 1 1 1 4 1 2 2 1 1 1 3 1 4 1 3 2 1 4 4 4 1 1 4 1 1 1 4 1 1 2 4 4 1 1 1 
1.0 0.916667 0.833333 0.75 0.666667 0.583333 0.5 0.416667 0.333333 0.25 0.166667 0.083333 
5.0619 7.2477 2.342 6.2477 2.7431 6.2245 1.5173 2.7266 2.6416 5.9954 4.8536 2.5847 3.084 2.673 3.5275 2.5508 6.0827 1.3482 2.0761 3.2098 2.975 6.5429 7.0315 2.8289 3.7485 6.3005 2.5512 3.8116 2.9015 6.4537 3.2105 3.0933 3.1189 2.9715 5.0837 3.4137 5.7049 5.9731 3.5847 3.5959 2.7551 2.3646 1.7866 2.3923 2.016 3.1606 5.7567 5.3229 1.9254 3.5275 7.3635 4.4538 2.4372 2.8378 3.3711 2.8081 2.4372 4.3308 6.473 2.9821 2.9908 2.8141 2.6806 2.4412 3.2562 
5.0619 7.2477 2.342 6.2477 2.7431 6.2245 1.5173 2.7266 2.6416 5.9954 4.8536 2.5847 3.084 2.673 3.5275 2.5508 6.0827 1.3482 2.0761 3.2098 2.975 6.5429 7.0315 2.8289 3.7485 6.3005 2.5512 3.8116 2.9015 6.4537 3.2105 3.0933 3.1189 2.9715 5.0837 3.4137 5.7049 5.9731 3.5847 3.5959 2.7551 2.3646 1.7866 2.3923 2.016 3.1606 5.7567 5.3229 1.9254 3.5275 7.3635 4.4538 2.4372 2.8378 3.3711 2.8081 2.4372 4.3308 6.473 2.9821 2.9908 2.8141 2.6806 2.4412 3.2562 
