2
31
2
6
20
0.45
0.7
200
600000001 600000036 600000011 600000014 600000060 600000067 600000027 600000025 600000069 600000047 600000033 600000068 600000059 600000062 600000054 600000032 600000076 600000016 600000071 600000078 600000065 600000045 600000008 600000035 600000003 600000009 600000005 600000057 600000075 600000041 600000002 
18.4142 10.9764 6.57251 13.4631 76.066 15.9702 6.22177 30.3937 37.5535 31.6315 76.066 5.14612 11.988 31.2587 14.0308 23.4542 15.9656 20.7354 50.7646 54.2405 11.4983 79.4018 31.7087 19.9514 30.9993 4.85002 10.6847 1.46522 43.1657 4.51307 
1 1 1 4 4 1 1 4 1 1 4 4 4 3 1 2 1 4 2 4 1 1 1 1 1 1 3 2 1 1 
1.0 0.5 
3.52 0.446 0.51 2.937 4.459 3.242 3.204 3.659 4.259 3.804 4.459 1.111 3.099 3.908 3.581 1.545 0.84 4.523 3.367 4.308 4.172 1.456 3.646 2.044 0.345 1.695 1.356 0.6 3.935 0.911 
3.52 0.446 0.51 2.937 4.459 3.242 3.204 3.659 4.259 3.804 4.459 1.111 3.099 3.908 3.581 1.545 0.84 4.523 3.367 4.308 4.172 1.456 3.646 2.044 0.345 1.695 1.356 0.6 3.935 0.911 
