7
76
10
0
20
0.45
0.7
480
600000001 600000079 600000011 600000069 600000049 600000063 600000004 600000083 600000046 600000005 600000016 600000062 600000043 600000076 600000061 600000045 600000026 600000030 600000080 600000047 600000024 600000034 600000010 600000058 600000055 600000072 600000038 600000067 600000008 600000073 600000021 600000075 600000025 600000035 600000078 600000052 600000013 600000050 600000017 600000006 600000022 600000029 600000014 600000031 600000018 600000066 600000032 600000041 600000044 600000039 600000033 600000028 600000071 600000081 600000059 600000048 600000040 600000037 600000060 600000054 600000070 600000015 600000020 600000056 600000042 600000057 600000064 600000019 600000082 600000002 600000051 600000036 600000027 600000003 600000077 600000023 
24.8799 10.9764 30.3937 19.9391 1.43388 18.2616 28.1916 7.76419 4.85002 15.9656 11.988 28.0527 23.4542 11.988 11.4983 19.2899 8.68552 42.8075 37.5535 18.709 12.1772 20.5659 70.6864 4.8277 14.2704 28.1916 76.066 79.4018 1.21428 12.3362 1.46522 6.22177 31.7087 50.7646 13.8279 12.7741 24.4242 43.1486 6.46329 4.07894 11.9794 6.57251 29.2269 10.9508 33.1534 14.0308 43.1657 23.4255 33.3665 31.6315 21.0833 20.7354 14.5859 5.14612 30.3167 16.5875 32.8344 13.4631 31.2587 18.7494 43.1486 15.6206 62.5651 20.2104 10.6847 12.6644 4.23738 12.7285 4.51307 0.46741 18.4142 15.9702 19.9514 19.2899 137.48 
2 1 4 1 4 1 2 1 1 1 4 1 2 4 1 1 1 2 1 1 1 1 4 3 4 1 4 1 4 1 2 1 1 2 1 1 1 1 1 1 1 1 1 1 4 1 1 1 1 1 1 4 2 4 1 1 1 4 3 4 1 1 3 1 3 4 1 2 1 1 1 1 1 2 1 
1.0 0.9 0.8 0.7 0.6 0.5 0.4 0.3 0.2 0.1 
1.054 2.601 1.3765 2.6428 2.5137 3.6384 1.7531 2.0228 3.766 2.4559 0.9804 1.9955 2.2232 0.9804 1.972 1.0077 1.0994 1.197 2.0595 0.8108 1.5193 3.2184 1.8412 1.767 2.2909 1.7222 2.2594 3.5498 2.7759 1.3719 3.0612 0.9818 1.3625 1.0842 1.8659 2.7661 2.7956 2.5125 3.8818 0.9721 1.3164 2.4914 1.4038 2.2752 1.8411 1.3817 1.6523 1.9122 1.5419 1.5211 1.1448 2.2398 1.4889 2.787 2.2246 1.8281 1.3866 0.5482 1.6254 2.0456 2.8188 2.0802 2.3111 1.7834 1.5802 1.1935 2.3073 1.6454 2.6277 0.8561 1.3201 1.0423 4.1146 1.125 0.6114 
1.054 2.601 1.3765 2.6428 2.5137 3.6384 1.7531 2.0228 3.766 2.4559 0.9804 1.9955 2.2232 0.9804 1.972 1.0077 1.0994 1.197 2.0595 0.8108 1.5193 3.2184 1.8412 1.767 2.2909 1.7222 2.2594 3.5498 2.7759 1.3719 3.0612 0.9818 1.3625 1.0842 1.8659 2.7661 2.7956 2.5125 3.8818 0.9721 1.3164 2.4914 1.4038 2.2752 1.8411 1.3817 1.6523 1.9122 1.5419 1.5211 1.1448 2.2398 1.4889 2.787 2.2246 1.8281 1.3866 0.5482 1.6254 2.0456 2.8188 2.0802 2.3111 1.7834 1.5802 1.1935 2.3073 1.6454 2.6277 0.8561 1.3201 1.0423 4.1146 1.125 0.6114 
