1
31
3
6
20
0.45
0.7
200
600000001 600000005 600000015 600000073 600000033 600000026 600000069 600000046 600000019 600000022 600000080 600000049 600000042 600000021 600000054 600000044 600000059 600000011 600000017 600000071 600000076 600000068 600000004 600000060 600000023 600000028 600000009 600000031 600000064 600000056 600000013 
4.85002 43.1486 1.21428 31.6315 19.2899 30.3937 7.76419 4.23738 4.07894 42.8075 19.9391 20.2104 12.3362 31.2587 23.4255 5.14612 10.9764 43.1486 20.7354 23.4542 76.066 18.2616 13.4631 137.48 21.0833 30.9993 29.2269 12.6644 62.5651 12.7741 
1 1 4 1 1 4 1 1 1 2 1 1 1 3 1 4 1 1 4 2 4 1 4 1 1 1 1 4 3 1 
1.0 0.666667 0.333333 
1.695 0.51 5.059 3.804 3.291 3.659 4.222 1.084 2.17 3.48 4.926 4.066 1.675 3.908 4.155 1.111 0.446 0.858 4.523 1.545 4.459 1.567 2.937 3.0 3.388 0.345 3.687 3.476 4.594 0.244 
1.695 0.51 5.059 3.804 3.291 3.659 4.222 1.084 2.17 3.48 4.926 4.066 1.675 3.908 4.155 1.111 0.446 0.858 4.523 1.545 4.459 1.567 2.937 3.0 3.388 0.345 3.687 3.476 4.594 0.244 
