1
21
2
6
20
0.45
0.7
150
600000001 600000034 600000056 600000049 600000046 600000071 600000016 600000013 600000072 600000023 600000070 600000044 600000075 600000026 600000073 600000050 600000020 600000033 600000036 600000021 600000078 
12.1772 62.5651 19.9391 7.76419 20.7354 15.9656 12.7741 14.2704 137.48 18.7494 23.4255 1.46522 19.2899 1.21428 24.4242 15.6206 31.6315 18.4142 12.3362 50.7646 
1 3 1 1 4 1 1 4 1 4 1 2 1 4 1 1 1 1 1 2 
1.0 0.5 
3.719 4.594 4.926 4.222 4.523 0.84 0.244 4.574 3.0 4.329 4.155 0.6 3.291 5.059 5.079 1.688 3.804 3.52 1.675 3.367 
3.719 4.594 4.926 4.222 4.523 0.84 0.244 4.574 3.0 4.329 4.155 0.6 3.291 5.059 5.079 1.688 3.804 3.52 1.675 3.367 
