6
21
5
0
20
0.45
0.7
480
600000001 600000081 600000033 600000047 600000070 600000077 600000024 600000018 600000034 600000008 600000032 600000039 600000045 600000021 600000022 600000049 600000006 600000063 600000011 600000003 600000076 
14.5859 31.6315 37.5535 18.7494 19.2899 18.709 10.9508 12.1772 79.4018 14.0308 33.3665 11.4983 12.3362 4.07894 19.9391 6.46329 1.43388 10.9764 19.9514 23.4542 
2 1 1 4 2 1 1 1 1 1 1 1 1 1 1 1 4 1 1 2 
1.0 0.8 0.6 0.4 0.2 
2.4096 2.3737 2.5665 2.8873 2.0458 1.2954 1.3975 2.0262 2.4266 1.8887 2.425 2.479 1.3893 1.7247 3.3345 2.7586 1.5149 1.6023 2.9914 1.5457 
2.4096 2.3737 2.5665 2.8873 2.0458 1.2954 1.3975 2.0262 2.4266 1.8887 2.425 2.479 1.3893 1.7247 3.3345 2.7586 1.5149 1.6023 2.9914 1.5457 
