2
56
2
6
20
0.45
0.7
300
600000001 600000009 600000059 600000058 600000023 600000076 600000049 600000064 600000078 600000028 600000011 600000004 600000051 600000072 600000071 600000055 600000030 600000040 600000038 600000066 600000073 600000010 600000068 600000054 600000018 600000006 600000022 600000048 600000080 600000033 600000027 600000043 600000063 600000082 600000070 600000036 600000056 600000062 600000069 600000025 600000032 600000060 600000047 600000021 600000005 600000015 600000081 600000003 600000039 600000065 600000077 600000050 600000046 600000031 600000034 600000019 
30.9993 5.14612 70.6864 137.48 23.4542 19.9391 12.6644 50.7646 21.0833 10.9764 18.2616 0.46741 14.2704 20.7354 4.8277 8.68552 16.5875 28.1916 33.1534 1.21428 20.5659 76.066 31.2587 10.9508 6.46329 4.07894 30.3167 42.8075 31.6315 15.9702 28.0527 1.43388 12.7285 18.7494 18.4142 62.5651 11.988 30.3937 6.22177 14.0308 13.4631 37.5535 12.3362 4.85002 43.1486 14.5859 19.9514 33.3665 54.2405 19.2899 24.4242 7.76419 29.2269 12.1772 4.23738 
1 4 4 1 2 1 4 2 1 1 1 1 4 4 3 1 1 1 4 4 1 4 3 1 1 1 1 2 1 1 1 4 2 4 1 3 4 4 1 1 4 1 1 1 1 2 1 1 4 2 1 1 1 1 1 
1.0 0.5 
0.345 1.111 1.523 3.0 1.545 4.926 3.476 3.367 3.388 0.446 1.567 2.537 4.574 4.523 4.05 3.382 4.111 4.005 4.124 5.059 1.258 4.459 3.908 1.095 1.811 2.17 4.508 3.48 3.804 3.242 4.278 0.748 3.928 4.329 3.52 4.594 3.099 3.659 3.204 3.581 2.937 4.259 1.675 1.695 0.51 3.772 2.044 3.825 4.308 3.408 5.079 4.222 3.687 3.719 1.084 
0.345 1.111 1.523 3.0 1.545 4.926 3.476 3.367 3.388 0.446 1.567 2.537 4.574 4.523 4.05 3.382 4.111 4.005 4.124 5.059 1.258 4.459 3.908 1.095 1.811 2.17 4.508 3.48 3.804 3.242 4.278 0.748 3.928 4.329 3.52 4.594 3.099 3.659 3.204 3.581 2.937 4.259 1.675 1.695 0.51 3.772 2.044 3.825 4.308 3.408 5.079 4.222 3.687 3.719 1.084 
