8
66
11
0
20
0.45
0.7
480
600000001 600000018 600000045 600000015 600000079 600000022 600000072 600000069 600000050 600000035 600000031 600000073 600000057 600000034 600000011 600000019 600000060 600000027 600000077 600000037 600000023 600000029 600000016 600000033 600000044 600000014 600000058 600000081 600000006 600000042 600000049 600000024 600000028 600000055 600000009 600000061 600000040 600000047 600000076 600000064 600000080 600000021 600000051 600000046 600000066 600000030 600000067 600000032 600000063 600000008 600000005 600000059 600000075 600000048 600000082 600000003 600000068 600000004 600000010 600000043 600000056 600000039 600000036 600000017 600000038 600000062 
10.9508 11.4983 43.1486 24.8799 4.07894 14.2704 30.3937 24.4242 31.7087 29.2269 1.21428 10.6847 12.1772 10.9764 4.23738 13.4631 15.9702 19.2899 32.8344 137.48 11.9794 15.9656 31.6315 23.4255 6.57251 70.6864 14.5859 6.46329 20.2104 19.9391 18.709 21.0833 4.8277 30.9993 11.988 16.5875 37.5535 23.4542 12.6644 42.8075 12.3362 0.46741 7.76419 33.1534 8.68552 76.066 14.0308 1.43388 79.4018 4.85002 5.14612 1.46522 30.3167 12.7285 19.9514 76.066 18.2616 20.5659 28.0527 62.5651 33.3665 18.4142 43.1486 28.1916 11.988 
1 1 1 2 1 4 4 1 1 1 4 3 1 1 1 4 1 2 1 1 1 1 1 1 1 4 2 1 1 1 1 1 3 1 4 1 1 2 4 2 1 1 1 4 1 4 1 4 1 1 4 2 1 2 1 4 1 1 1 3 1 1 1 1 4 
1.0 0.909091 0.818182 0.727273 0.636364 0.545455 0.454545 0.363636 0.272727 0.181818 0.090909 
1.095 4.172 0.51 3.257 2.17 4.574 3.659 5.079 3.646 3.687 5.059 1.356 3.719 0.446 1.084 2.937 3.242 3.408 3.67 3.0 3.599 0.84 3.804 4.155 0.51 1.523 3.772 1.811 4.066 4.926 3.0 3.388 4.05 0.345 3.099 4.111 4.259 1.545 3.476 3.48 1.675 2.537 4.222 4.124 3.382 4.459 3.581 0.748 1.456 1.695 1.111 0.6 4.508 3.928 2.044 4.459 1.567 1.258 4.278 4.594 3.825 3.52 0.858 4.005 3.099 
1.095 4.172 0.51 3.257 2.17 4.574 3.659 5.079 3.646 3.687 5.059 1.356 3.719 0.446 1.084 2.937 3.242 3.408 3.67 3.0 3.599 0.84 3.804 4.155 0.51 1.523 3.772 1.811 4.066 4.926 3.0 3.388 4.05 0.345 3.099 4.111 4.259 1.545 3.476 3.48 1.675 2.537 4.222 4.124 3.382 4.459 3.581 0.748 1.456 1.695 1.111 0.6 4.508 3.928 2.044 4.459 1.567 1.258 4.278 4.594 3.825 3.52 0.858 4.005 3.099 
