3
31
1
6
20
0.45
0.7
200
600000001 600000042 600000060 600000049 600000003 600000041 600000075 600000068 600000015 600000080 600000028 600000050 600000078 600000031 600000005 600000027 600000040 600000035 600000055 600000033 600000064 600000022 600000081 600000073 600000017 600000076 600000079 600000070 600000062 600000011 600000057 
20.2104 13.4631 19.9391 19.9514 43.1657 1.46522 76.066 43.1486 42.8075 21.0833 24.4242 50.7646 29.2269 4.85002 15.9702 16.5875 31.7087 4.8277 31.6315 12.6644 4.07894 14.5859 1.21428 43.1486 23.4542 24.8799 18.7494 11.988 10.9764 10.6847 
1 4 1 1 1 2 4 1 2 1 1 2 1 1 1 1 1 3 1 4 1 2 4 1 2 2 4 4 1 3 
1.0 
2.6665 1.7879 3.3345 2.9914 2.4329 2.0624 2.7663 1.9166 2.0801 1.956 3.4873 2.005 2.3246 2.6428 1.5619 2.7113 2.2151 2.6501 2.3737 2.0766 1.7247 2.4096 3.4677 1.6198 1.5457 1.8252 2.8873 1.3431 1.6023 0.9738 
2.6665 1.7879 3.3345 2.9914 2.4329 2.0624 2.7663 1.9166 2.0801 1.956 3.4873 2.005 2.3246 2.6428 1.5619 2.7113 2.2151 2.6501 2.3737 2.0766 1.7247 2.4096 3.4677 1.6198 1.5457 1.8252 2.8873 1.3431 1.6023 0.9738 
