2
31
1
6
20
0.45
0.7
200
600000001 600000038 600000002 600000040 600000024 600000066 600000029 600000046 600000044 600000048 600000050 600000031 600000054 600000020 600000025 600000033 600000078 600000071 600000016 600000058 600000067 600000014 600000010 600000004 600000059 600000022 600000060 600000049 600000069 600000039 600000056 
28.1916 4.51307 16.5875 18.709 33.1534 11.9794 7.76419 23.4255 30.3167 24.4242 29.2269 31.2587 15.6206 6.22177 31.6315 50.7646 20.7354 15.9656 70.6864 76.066 6.57251 20.5659 18.2616 5.14612 4.07894 13.4631 19.9391 30.3937 33.3665 62.5651 
1 1 1 1 4 1 1 1 1 1 1 3 1 1 1 2 4 1 4 4 1 1 1 4 1 4 1 4 1 3 
1.0 
2.7319 6.1094 2.8378 3.5847 2.5508 3.084 2.342 2.3923 2.103 1.3482 3.0933 2.5264 5.0837 3.5959 2.9879 3.1606 2.0761 5.9376 5.3229 2.4372 5.9731 6.473 7.1201 6.2245 4.4538 3.7485 1.5173 2.8141 2.6806 2.016 
2.7319 6.1094 2.8378 3.5847 2.5508 3.084 2.342 2.3923 2.103 1.3482 3.0933 2.5264 5.0837 3.5959 2.9879 3.1606 2.0761 5.9376 5.3229 2.4372 5.9731 6.473 7.1201 6.2245 4.4538 3.7485 1.5173 2.8141 2.6806 2.016 
