9
56
11
0
20
0.45
0.7
480
600000001 600000022 600000023 600000042 600000079 600000070 600000016 600000026 600000046 600000041 600000061 600000051 600000013 600000008 600000045 600000010 600000063 600000044 600000082 600000057 600000018 600000067 600000048 600000056 600000065 600000073 600000064 600000038 600000075 600000024 600000017 600000072 600000004 600000078 600000043 600000083 600000028 600000025 600000029 600000058 600000040 600000002 600000011 600000030 600000047 600000005 600000009 600000081 600000050 600000015 600000054 600000037 600000039 600000020 600000036 600000062 
4.07894 137.48 20.2104 24.8799 18.7494 15.9656 19.2899 7.76419 43.1657 11.988 0.46741 12.7741 79.4018 11.4983 20.5659 1.43388 23.4255 12.7285 10.6847 10.9508 76.066 30.3167 62.5651 54.2405 1.21428 12.6644 28.1916 1.46522 18.709 43.1486 14.2704 18.2616 50.7646 28.0527 28.1916 21.0833 6.22177 11.9794 70.6864 16.5875 4.51307 10.9764 8.68552 37.5535 4.85002 30.9993 14.5859 24.4242 43.1486 31.2587 32.8344 33.3665 15.6206 18.4142 11.988 
1 1 1 2 4 1 1 1 1 4 1 1 1 1 1 4 1 2 3 1 4 1 3 4 4 4 1 2 1 1 4 1 2 1 2 1 1 1 4 1 1 1 1 1 1 1 2 1 1 3 1 1 1 1 4 
1.0 0.909091 0.818182 0.727273 0.636364 0.545455 0.454545 0.363636 0.272727 0.181818 0.090909 
0.9721 0.6114 1.7834 1.054 2.0456 2.4559 1.0077 2.0228 1.6523 0.9804 0.8561 2.7661 3.5498 1.972 3.2184 2.5137 1.9122 1.6454 1.5802 2.2752 2.2594 2.2246 2.3111 2.0249 2.7759 1.1935 1.7222 3.0612 0.8108 2.5125 2.2909 3.6384 1.0842 1.9955 1.7531 1.1448 0.9818 1.3164 1.8412 1.8281 2.6277 2.601 1.0994 2.0595 3.766 2.972 1.4889 2.7956 2.8188 1.6254 1.3866 1.5419 2.0802 1.3201 0.9804 
0.9721 0.6114 1.7834 1.054 2.0456 2.4559 1.0077 2.0228 1.6523 0.9804 0.8561 2.7661 3.5498 1.972 3.2184 2.5137 1.9122 1.6454 1.5802 2.2752 2.2594 2.2246 2.3111 2.0249 2.7759 1.1935 1.7222 3.0612 0.8108 2.5125 2.2909 3.6384 1.0842 1.9955 1.7531 1.1448 0.9818 1.3164 1.8412 1.8281 2.6277 2.601 1.0994 2.0595 3.766 2.972 1.4889 2.7956 2.8188 1.6254 1.3866 1.5419 2.0802 1.3201 0.9804 
