2
31
2
0
20
0.45
0.7
200
600000001 600000035 600000033 600000024 600000067 600000065 600000023 600000056 600000021 600000079 600000006 600000049 600000063 600000009 600000010 600000058 600000038 600000029 600000014 600000052 600000025 600000037 600000050 600000017 600000036 600000022 600000075 600000073 600000082 600000043 600000013 
31.7087 31.6315 18.709 76.066 54.2405 137.48 62.5651 12.3362 24.8799 6.46329 19.9391 1.43388 30.9993 20.5659 70.6864 28.1916 11.9794 6.57251 13.8279 6.22177 32.8344 24.4242 43.1486 18.4142 4.07894 1.46522 1.21428 12.7285 28.0527 12.7741 
1 1 1 4 4 1 3 1 2 1 1 4 1 1 4 1 1 1 1 1 1 1 1 1 1 2 4 2 1 1 
1.0 0.5 
2.2151 2.3737 1.2954 2.7663 2.9456 1.8511 3.0029 1.3893 1.8252 2.7586 3.3345 1.5149 1.9733 1.8437 1.8952 2.6053 2.2372 1.4927 2.749 1.7716 2.2392 3.4873 1.6198 1.827 1.7247 2.0624 3.4677 2.5662 2.8372 1.7673 
2.2151 2.3737 1.2954 2.7663 2.9456 1.8511 3.0029 1.3893 1.8252 2.7586 3.3345 1.5149 1.9733 1.8437 1.8952 2.6053 2.2372 1.4927 2.749 1.7716 2.2392 3.4873 1.6198 1.827 1.7247 2.0624 3.4677 2.5662 2.8372 1.7673 
