2
76
2
0
20
0.45
0.7
300
600000001 600000004 600000028 600000027 600000073 600000054 600000015 600000058 600000021 600000081 600000051 600000078 600000005 600000061 600000019 600000018 600000041 600000072 600000067 600000008 600000071 600000062 600000016 600000070 600000022 600000065 600000046 600000025 600000023 600000075 600000069 600000003 600000044 600000033 600000077 600000031 600000009 600000035 600000083 600000039 600000042 600000079 600000064 600000029 600000011 600000032 600000048 600000068 600000063 600000037 600000014 600000060 600000047 600000059 600000020 600000013 600000002 600000076 600000034 600000045 600000017 600000082 600000043 600000052 600000050 600000038 600000055 600000030 600000006 600000056 600000036 600000010 600000057 600000026 600000049 600000024 
18.2616 21.0833 15.9702 1.21428 31.2587 43.1486 70.6864 12.3362 14.5859 0.46741 50.7646 4.85002 11.988 4.23738 10.9508 43.1657 14.2704 76.066 79.4018 20.7354 11.988 15.9656 18.7494 4.07894 54.2405 7.76419 6.22177 137.48 1.46522 30.3937 19.9514 23.4255 31.6315 19.2899 29.2269 30.9993 31.7087 28.1916 33.3665 20.2104 24.8799 12.6644 11.9794 10.9764 14.0308 30.3167 76.066 1.43388 32.8344 6.57251 13.4631 37.5535 5.14612 15.6206 12.7741 4.51307 23.4542 12.1772 11.4983 43.1486 12.7285 28.0527 13.8279 24.4242 28.1916 4.8277 8.68552 6.46329 62.5651 18.4142 20.5659 10.6847 19.2899 19.9391 18.709 
1 1 1 4 3 1 4 1 2 1 2 1 4 1 1 1 4 4 1 4 4 1 4 1 4 1 1 1 2 4 1 1 1 2 1 1 1 2 1 1 2 4 1 1 1 1 4 4 1 1 4 1 4 1 1 1 2 1 1 1 2 1 1 1 1 3 1 1 3 1 1 3 1 1 1 
1.0 0.5 
3.6384 1.1448 1.0423 2.7759 1.6254 2.8188 1.8412 1.3719 1.4889 0.8561 1.0842 3.766 0.9804 2.3073 2.2752 1.6523 2.2909 2.2594 3.5498 2.2398 0.9804 2.4559 2.0456 0.9721 2.0249 2.0228 0.9818 0.6114 3.0612 1.3765 4.1146 1.9122 1.5211 1.125 1.4038 2.972 1.3625 1.7531 1.5419 1.7834 1.054 1.1935 1.3164 2.601 1.3817 2.2246 2.2594 2.5137 1.3866 2.4914 0.5482 2.0595 2.787 2.0802 2.7661 2.6277 2.2232 1.5193 1.972 2.5125 1.6454 1.9955 1.8659 2.7956 1.7222 1.767 1.0994 3.8818 2.3111 1.3201 3.2184 1.5802 1.0077 2.6428 0.8108 
3.6384 1.1448 1.0423 2.7759 1.6254 2.8188 1.8412 1.3719 1.4889 0.8561 1.0842 3.766 0.9804 2.3073 2.2752 1.6523 2.2909 2.2594 3.5498 2.2398 0.9804 2.4559 2.0456 0.9721 2.0249 2.0228 0.9818 0.6114 3.0612 1.3765 4.1146 1.9122 1.5211 1.125 1.4038 2.972 1.3625 1.7531 1.5419 1.7834 1.054 1.1935 1.3164 2.601 1.3817 2.2246 2.2594 2.5137 1.3866 2.4914 0.5482 2.0595 2.787 2.0802 2.7661 2.6277 2.2232 1.5193 1.972 2.5125 1.6454 1.9955 1.8659 2.7956 1.7222 1.767 1.0994 3.8818 2.3111 1.3201 3.2184 1.5802 1.0077 2.6428 0.8108 
