1
31
2
0
20
0.45
0.7
200
600000001 600000040 600000049 600000079 600000022 600000036 600000070 600000003 600000062 600000008 600000041 600000060 600000077 600000037 600000080 600000025 600000035 600000075 600000081 600000068 600000006 600000028 600000045 600000034 600000013 600000082 600000059 600000039 600000004 600000010 600000051 
16.5875 19.9391 24.8799 4.07894 18.4142 18.7494 19.9514 11.988 79.4018 43.1657 13.4631 19.2899 32.8344 42.8075 6.22177 31.7087 1.46522 14.5859 76.066 6.46329 21.0833 11.4983 12.1772 12.7741 12.7285 5.14612 33.3665 18.2616 20.5659 0.46741 
1 1 2 1 1 4 1 4 1 1 4 2 1 2 1 1 2 2 4 1 1 1 1 1 2 4 1 1 1 1 
1.0 0.5 
1.8281 2.6428 1.054 0.9721 1.3201 2.0456 4.1146 0.9804 3.5498 1.6523 0.5482 1.125 1.3866 1.197 0.9818 1.3625 3.0612 1.4889 2.2594 3.8818 1.1448 1.972 1.5193 2.7661 1.6454 2.787 1.5419 3.6384 3.2184 0.8561 
1.8281 2.6428 1.054 0.9721 1.3201 2.0456 4.1146 0.9804 3.5498 1.6523 0.5482 1.125 1.3866 1.197 0.9818 1.3625 3.0612 1.4889 2.2594 3.8818 1.1448 1.972 1.5193 2.7661 1.6454 2.787 1.5419 3.6384 3.2184 0.8561 
