1
31
2
0
20
0.45
0.7
200
600000001 600000009 600000069 600000020 600000049 600000071 600000023 600000073 600000064 600000036 600000047 600000061 600000056 600000048 600000065 600000022 600000082 600000010 600000032 600000008 600000076 600000067 600000025 600000055 600000062 600000070 600000075 600000043 600000019 600000046 600000034 
30.9993 30.3937 15.6206 19.9391 20.7354 137.48 1.21428 12.6644 18.4142 37.5535 11.988 62.5651 30.3167 54.2405 4.07894 12.7285 20.5659 14.0308 79.4018 23.4542 76.066 6.22177 4.8277 11.988 18.7494 1.46522 28.0527 4.23738 7.76419 12.1772 
1 4 1 1 4 1 4 4 1 1 4 3 1 4 1 2 1 1 1 2 4 1 3 4 4 2 1 1 1 1 
1.0 0.5 
6.4537 2.8141 5.0837 1.5173 2.0761 3.8116 1.7866 2.9715 3.2098 2.3646 3.5275 2.016 2.103 2.9908 4.4538 2.7431 6.473 2.9628 7.0315 5.7049 2.4372 3.5959 2.7551 3.5275 2.7266 6.5429 2.673 5.7567 2.342 3.0431 
6.4537 2.8141 5.0837 1.5173 2.0761 3.8116 1.7866 2.9715 3.2098 2.3646 3.5275 2.016 2.103 2.9908 4.4538 2.7431 6.473 2.9628 7.0315 5.7049 2.4372 3.5959 2.7551 3.5275 2.7266 6.5429 2.673 5.7567 2.342 3.0431 
