3
21
1
0
20
0.45
0.7
150
600000001 600000009 600000006 600000026 600000045 600000062 600000027 600000048 600000030 600000014 600000008 600000051 600000059 600000025 600000004 600000020 600000055 600000056 600000016 600000041 600000050 
30.9993 6.46329 19.2899 11.4983 11.988 15.9702 30.3167 8.68552 6.57251 79.4018 0.46741 5.14612 6.22177 18.2616 15.6206 4.8277 62.5651 15.9656 43.1657 24.4242 
1 1 1 1 4 1 1 1 1 1 1 4 1 1 1 3 3 1 1 1 
1.0 
2.972 3.8818 1.0077 1.972 0.9804 1.0423 2.2246 1.0994 2.4914 3.5498 0.8561 2.787 0.9818 3.6384 2.0802 1.767 2.3111 2.4559 1.6523 2.7956 
2.972 3.8818 1.0077 1.972 0.9804 1.0423 2.2246 1.0994 2.4914 3.5498 0.8561 2.787 0.9818 3.6384 2.0802 1.767 2.3111 2.4559 1.6523 2.7956 
