1
76
6
0
20
0.45
0.7
300
600000001 600000005 600000025 600000014 600000003 600000004 600000049 600000064 600000052 600000002 600000065 600000031 600000069 600000018 600000035 600000028 600000076 600000034 600000044 600000077 600000017 600000081 600000056 600000078 600000033 600000067 600000032 600000023 600000059 600000040 600000020 600000066 600000072 600000057 600000055 600000038 600000060 600000048 600000008 600000083 600000006 600000010 600000045 600000009 600000054 600000024 600000043 600000075 600000050 600000011 600000071 600000073 600000082 600000027 600000019 600000039 600000051 600000015 600000016 600000080 600000026 600000079 600000061 600000021 600000070 600000030 600000062 600000037 600000041 600000036 600000022 600000068 600000047 600000046 600000058 600000042 
4.85002 6.22177 6.57251 19.9514 18.2616 19.9391 12.6644 13.8279 4.51307 54.2405 29.2269 30.3937 10.9508 31.7087 21.0833 23.4542 12.1772 23.4255 19.2899 43.1486 14.5859 62.5651 50.7646 31.6315 76.066 14.0308 137.48 5.14612 16.5875 15.6206 33.1534 14.2704 10.6847 4.8277 28.1916 13.4631 30.3167 79.4018 28.1916 6.46329 20.5659 11.4983 30.9993 31.2587 18.709 28.0527 1.46522 24.4242 10.9764 20.7354 1.21428 12.7285 15.9702 4.23738 33.3665 0.46741 43.1486 15.9656 42.8075 19.2899 24.8799 11.988 12.3362 18.7494 8.68552 11.988 32.8344 43.1657 18.4142 4.07894 76.066 37.5535 7.76419 70.6864 20.2104 
1 1 1 1 1 1 4 1 1 4 1 4 1 1 1 2 1 1 2 1 2 3 2 1 4 1 1 4 1 1 4 4 3 3 1 4 1 1 2 1 1 1 1 3 1 1 2 1 1 4 4 2 1 1 1 1 1 1 2 1 2 4 1 4 1 4 1 1 1 1 4 1 1 4 1 
1.0 0.833333 0.666667 0.5 0.333333 0.166667 
3.766 0.9818 2.4914 4.1146 3.6384 2.6428 1.1935 1.8659 2.6277 2.0249 1.4038 1.3765 2.2752 1.3625 1.1448 2.2232 1.5193 1.9122 1.125 2.5125 1.4889 2.3111 1.0842 1.5211 2.2594 1.3817 0.6114 2.787 1.8281 2.0802 1.8411 2.2909 1.5802 1.767 1.7222 0.5482 2.2246 3.5498 1.7531 3.8818 3.2184 1.972 2.972 1.6254 0.8108 1.9955 3.0612 2.7956 2.601 2.2398 2.7759 1.6454 1.0423 2.3073 1.5419 0.8561 2.8188 2.4559 1.197 1.0077 1.054 0.9804 1.3719 2.0456 1.0994 0.9804 1.3866 1.6523 1.3201 0.9721 2.2594 2.0595 2.0228 1.8412 1.7834 
3.766 0.9818 2.4914 4.1146 3.6384 2.6428 1.1935 1.8659 2.6277 2.0249 1.4038 1.3765 2.2752 1.3625 1.1448 2.2232 1.5193 1.9122 1.125 2.5125 1.4889 2.3111 1.0842 1.5211 2.2594 1.3817 0.6114 2.787 1.8281 2.0802 1.8411 2.2909 1.5802 1.767 1.7222 0.5482 2.2246 3.5498 1.7531 3.8818 3.2184 1.972 2.972 1.6254 0.8108 1.9955 3.0612 2.7956 2.601 2.2398 2.7759 1.6454 1.0423 2.3073 1.5419 0.8561 2.8188 2.4559 1.197 1.0077 1.054 0.9804 1.3719 2.0456 1.0994 0.9804 1.3866 1.6523 1.3201 0.9721 2.2594 2.0595 2.0228 1.8412 1.7834 
