2
46
2
0
20
0.45
0.7
300
600000001 600000072 600000009 600000051 600000008 600000058 600000013 600000078 600000077 600000010 600000003 600000068 600000037 600000021 600000042 600000075 600000030 600000022 600000019 600000082 600000080 600000067 600000048 600000004 600000038 600000027 600000020 600000026 600000041 600000045 600000081 600000070 600000029 600000034 600000050 600000006 600000073 600000057 600000049 600000046 600000079 600000060 600000069 600000062 600000040 600000061 
14.2704 30.9993 0.46741 79.4018 70.6864 12.7741 50.7646 19.2899 20.5659 19.9514 76.066 32.8344 12.3362 20.2104 1.46522 8.68552 4.07894 4.23738 12.7285 42.8075 76.066 30.3167 18.2616 28.1916 15.9702 15.6206 19.2899 43.1657 11.4983 14.5859 18.7494 11.9794 12.1772 24.4242 6.46329 1.21428 10.6847 19.9391 7.76419 24.8799 13.4631 30.3937 11.988 16.5875 11.988 
4 1 1 1 4 1 2 2 1 1 4 1 1 1 2 1 1 1 2 2 4 1 1 1 1 1 1 1 1 2 4 1 1 1 1 4 3 1 1 2 4 4 4 1 4 
1.0 0.5 
4.574 0.345 2.537 1.456 1.523 0.244 3.367 3.408 1.258 2.044 4.459 3.67 1.675 4.066 0.6 3.382 2.17 1.084 3.928 3.48 4.459 4.508 1.567 4.005 3.242 1.688 3.291 3.935 4.172 3.772 4.329 3.599 3.719 5.079 1.811 5.059 1.356 4.926 4.222 3.257 2.937 3.659 3.099 4.111 3.099 
4.574 0.345 2.537 1.456 1.523 0.244 3.367 3.408 1.258 2.044 4.459 3.67 1.675 4.066 0.6 3.382 2.17 1.084 3.928 3.48 4.459 4.508 1.567 4.005 3.242 1.688 3.291 3.935 4.172 3.772 4.329 3.599 3.719 5.079 1.811 5.059 1.356 4.926 4.222 3.257 2.937 3.659 3.099 4.111 3.099 
