2
66
2
0
20
0.45
0.7
300
600000001 600000005 600000073 600000013 600000060 600000082 600000009 600000006 600000046 600000048 600000077 600000075 600000042 600000050 600000036 600000045 600000031 600000008 600000066 600000064 600000049 600000071 600000018 600000069 600000059 600000034 600000014 600000047 600000076 600000067 600000030 600000043 600000065 600000027 600000057 600000078 600000023 600000026 600000038 600000032 600000058 600000015 600000035 600000017 600000025 600000054 600000061 600000062 600000068 600000063 600000021 600000010 600000041 600000019 600000011 600000072 600000079 600000070 600000055 600000044 600000029 600000022 600000004 600000037 600000040 600000052 
4.85002 1.21428 12.7741 13.4631 12.7285 30.9993 6.46329 7.76419 30.3167 19.2899 1.46522 20.2104 24.4242 18.4142 11.4983 29.2269 79.4018 33.1534 12.6644 19.9391 20.7354 10.9508 30.3937 5.14612 12.1772 6.57251 37.5535 23.4542 76.066 8.68552 28.0527 54.2405 15.9702 10.6847 50.7646 137.48 19.2899 28.1916 14.0308 70.6864 43.1486 31.7087 43.1486 6.22177 31.2587 11.988 11.988 76.066 1.43388 12.3362 20.5659 43.1657 4.23738 10.9764 14.2704 24.8799 18.7494 4.8277 23.4255 11.9794 4.07894 18.2616 32.8344 16.5875 13.8279 
1 4 1 4 2 1 1 1 1 2 2 1 1 1 1 1 1 4 4 1 4 1 4 4 1 1 1 2 4 1 1 4 1 3 2 1 1 1 1 4 1 1 1 1 3 4 4 4 4 1 1 1 1 1 4 2 4 3 1 1 1 1 1 1 1 
1.0 0.5 
7.2477 1.7866 6.2477 3.7485 2.7431 6.4537 7.3635 2.342 2.103 3.4137 6.5429 2.5847 1.3482 3.2098 2.4412 3.0933 7.0315 2.5508 2.9715 1.5173 2.0761 5.7569 2.8141 6.2245 3.0431 5.9731 2.3646 5.7049 2.4372 3.1189 2.673 2.9908 3.3711 5.0619 3.1606 3.8116 3.2562 2.7319 2.9628 5.3229 6.3005 2.8289 5.9942 3.5959 2.5264 3.5275 3.5275 2.4372 5.9954 4.8536 6.473 2.5512 5.7567 6.0827 1.9254 3.2738 2.7266 2.7551 2.3923 3.084 4.4538 7.1201 2.8081 2.8378 2.6416 
7.2477 1.7866 6.2477 3.7485 2.7431 6.4537 7.3635 2.342 2.103 3.4137 6.5429 2.5847 1.3482 3.2098 2.4412 3.0933 7.0315 2.5508 2.9715 1.5173 2.0761 5.7569 2.8141 6.2245 3.0431 5.9731 2.3646 5.7049 2.4372 3.1189 2.673 2.9908 3.3711 5.0619 3.1606 3.8116 3.2562 2.7319 2.9628 5.3229 6.3005 2.8289 5.9942 3.5959 2.5264 3.5275 3.5275 2.4372 5.9954 4.8536 6.473 2.5512 5.7567 6.0827 1.9254 3.2738 2.7266 2.7551 2.3923 3.084 4.4538 7.1201 2.8081 2.8378 2.6416 
