2
76
2
0
20
0.45
0.7
300
600000001 600000062 600000003 600000082 600000064 600000022 600000058 600000010 600000077 600000071 600000072 600000045 600000016 600000067 600000041 600000033 600000050 600000056 600000070 600000020 600000013 600000046 600000034 600000031 600000048 600000018 600000081 600000057 600000008 600000040 600000073 600000024 600000028 600000017 600000002 600000006 600000049 600000055 600000039 600000054 600000066 600000032 600000011 600000076 600000015 600000080 600000042 600000079 600000063 600000075 600000044 600000060 600000065 600000030 600000052 600000051 600000014 600000027 600000037 600000029 600000009 600000021 600000069 600000025 600000061 600000036 600000035 600000004 600000005 600000068 600000078 600000026 600000023 600000038 600000083 600000019 
11.988 19.9514 12.7285 12.6644 4.07894 70.6864 20.5659 19.2899 20.7354 14.2704 11.4983 15.9656 76.066 43.1657 31.6315 24.4242 62.5651 18.7494 15.6206 12.7741 7.76419 12.1772 29.2269 30.3167 10.9508 14.5859 10.6847 79.4018 16.5875 1.21428 18.709 21.0833 43.1486 4.51307 6.46329 19.9391 4.8277 33.3665 31.2587 33.1534 14.0308 10.9764 23.4542 43.1486 42.8075 20.2104 24.8799 1.43388 1.46522 23.4255 13.4631 54.2405 8.68552 13.8279 0.46741 6.57251 15.9702 32.8344 11.9794 30.9993 12.3362 30.3937 6.22177 11.988 18.4142 31.7087 18.2616 4.85002 76.066 50.7646 19.2899 137.48 28.1916 28.1916 4.23738 
4 1 2 4 1 4 1 2 4 4 1 1 4 1 1 1 3 4 1 1 1 1 1 1 1 2 3 1 1 4 1 1 1 1 1 1 3 1 3 4 1 1 2 1 2 1 2 4 2 1 4 4 1 1 1 1 1 1 1 1 1 4 1 4 1 1 1 1 4 2 1 1 1 2 1 
1.0 0.5 
3.099 2.044 3.928 3.476 2.17 1.523 1.258 3.408 4.523 4.574 4.172 0.84 4.459 3.935 3.804 5.079 4.594 4.329 1.688 0.244 4.222 3.719 3.687 4.508 1.095 3.772 1.356 1.456 4.111 5.059 3.0 3.388 0.858 0.911 1.811 4.926 4.05 3.825 3.908 4.124 3.581 0.446 1.545 0.51 3.48 4.066 3.257 0.748 0.6 4.155 2.937 4.308 3.382 4.149 2.537 0.51 3.242 3.67 3.599 0.345 1.675 3.659 3.204 3.099 3.52 3.646 1.567 1.695 4.459 3.367 3.291 3.0 4.005 4.036 1.084 
3.099 2.044 3.928 3.476 2.17 1.523 1.258 3.408 4.523 4.574 4.172 0.84 4.459 3.935 3.804 5.079 4.594 4.329 1.688 0.244 4.222 3.719 3.687 4.508 1.095 3.772 1.356 1.456 4.111 5.059 3.0 3.388 0.858 0.911 1.811 4.926 4.05 3.825 3.908 4.124 3.581 0.446 1.545 0.51 3.48 4.066 3.257 0.748 0.6 4.155 2.937 4.308 3.382 4.149 2.537 0.51 3.242 3.67 3.599 0.345 1.675 3.659 3.204 3.099 3.52 3.646 1.567 1.695 4.459 3.367 3.291 3.0 4.005 4.036 1.084 
