1
76
6
0
20
0.45
0.7
300
600000001 600000036 600000076 600000009 600000058 600000047 600000005 600000045 600000070 600000080 600000026 600000027 600000017 600000073 600000061 600000065 600000060 600000054 600000022 600000079 600000081 600000035 600000015 600000011 600000044 600000077 600000050 600000033 600000051 600000019 600000049 600000014 600000082 600000008 600000078 600000083 600000040 600000048 600000031 600000042 600000059 600000072 600000066 600000062 600000003 600000055 600000037 600000075 600000002 600000057 600000016 600000034 600000069 600000023 600000052 600000056 600000041 600000010 600000067 600000006 600000032 600000018 600000025 600000004 600000028 600000024 600000013 600000071 600000038 600000046 600000068 600000043 600000063 600000020 600000021 600000064 
18.4142 23.4542 30.9993 70.6864 37.5535 4.85002 11.4983 18.7494 42.8075 19.2899 15.9702 43.1486 1.21428 11.988 54.2405 13.4631 31.2587 4.07894 24.8799 14.5859 31.7087 43.1486 10.9764 23.4255 19.2899 24.4242 31.6315 0.46741 4.23738 19.9391 6.57251 12.7285 79.4018 50.7646 28.1916 16.5875 30.3167 29.2269 20.2104 5.14612 14.2704 33.1534 11.988 19.9514 4.8277 32.8344 1.46522 4.51307 10.6847 15.9656 12.1772 30.3937 137.48 13.8279 62.5651 43.1657 20.5659 76.066 6.46329 14.0308 10.9508 6.22177 18.2616 21.0833 18.709 12.7741 20.7354 28.1916 7.76419 76.066 28.0527 1.43388 15.6206 12.3362 12.6644 
1 2 1 4 1 1 1 4 2 1 1 1 4 4 4 4 3 1 2 2 1 1 1 1 2 1 1 1 1 1 1 2 1 2 2 1 1 1 1 4 4 4 4 1 3 1 2 1 3 1 1 4 1 1 3 1 1 4 1 1 1 1 1 1 1 1 4 1 1 4 1 4 1 1 4 
1.0 0.833333 0.666667 0.5 0.333333 0.166667 
1.827 1.5457 1.9733 1.8952 2.5665 2.6428 2.479 2.8873 2.0801 1.9285 1.5619 1.6198 3.4677 1.3431 2.9456 1.7879 2.4622 1.7247 1.8252 2.4096 2.2151 1.9166 1.6023 2.4992 2.0458 3.4873 2.3737 1.4396 1.1274 3.3345 1.4927 2.5662 2.4266 2.005 2.6739 2.7113 2.9 2.3246 2.6665 1.5951 2.9827 2.7109 1.3431 2.9914 2.6501 2.2392 2.0624 1.5882 0.9738 1.4424 2.0262 2.2596 1.8511 2.749 3.0029 2.4329 1.8437 2.7663 2.7586 1.8887 1.3975 1.7716 2.5152 1.956 1.2954 1.7673 2.9577 2.6053 2.5297 2.7663 2.8372 1.5149 0.4544 1.3893 2.0766 
1.827 1.5457 1.9733 1.8952 2.5665 2.6428 2.479 2.8873 2.0801 1.9285 1.5619 1.6198 3.4677 1.3431 2.9456 1.7879 2.4622 1.7247 1.8252 2.4096 2.2151 1.9166 1.6023 2.4992 2.0458 3.4873 2.3737 1.4396 1.1274 3.3345 1.4927 2.5662 2.4266 2.005 2.6739 2.7113 2.9 2.3246 2.6665 1.5951 2.9827 2.7109 1.3431 2.9914 2.6501 2.2392 2.0624 1.5882 0.9738 1.4424 2.0262 2.2596 1.8511 2.749 3.0029 2.4329 1.8437 2.7663 2.7586 1.8887 1.3975 1.7716 2.5152 1.956 1.2954 1.7673 2.9577 2.6053 2.5297 2.7663 2.8372 1.5149 0.4544 1.3893 2.0766 
