2
46
2
0
20
0.45
0.7
300
600000001 600000015 600000066 600000063 600000075 600000078 600000009 600000062 600000010 600000027 600000060 600000031 600000008 600000025 600000030 600000013 600000004 600000077 600000058 600000046 600000035 600000044 600000069 600000067 600000045 600000056 600000018 600000052 600000051 600000022 600000081 600000037 600000073 600000047 600000054 600000042 600000057 600000061 600000021 600000023 600000079 600000080 600000026 600000011 600000036 600000002 
43.1486 33.1534 1.43388 1.46522 50.7646 30.9993 11.988 20.5659 15.9702 13.4631 29.2269 79.4018 6.22177 8.68552 12.7741 18.2616 19.2899 70.6864 7.76419 31.7087 23.4255 30.3937 76.066 11.4983 62.5651 10.9508 13.8279 0.46741 4.07894 14.5859 32.8344 1.21428 37.5535 31.2587 20.2104 10.6847 11.988 12.3362 137.48 24.8799 42.8075 19.2899 10.9764 18.4142 4.51307 
1 4 4 2 2 1 4 1 1 4 1 1 1 1 1 1 2 4 1 1 1 4 4 1 3 1 1 1 1 2 1 4 1 3 1 3 4 1 1 2 2 1 1 1 1 
1.0 0.5 
6.3005 2.5508 5.9954 6.5429 3.1606 6.4537 3.5275 6.473 3.3711 3.7485 3.0933 7.0315 3.5959 3.1189 6.2477 7.1201 3.4137 5.3229 2.342 2.8289 2.3923 2.8141 2.4372 2.4412 2.016 5.7569 2.6416 4.3308 4.4538 2.9015 2.8081 1.7866 2.3646 2.5264 2.5847 5.0619 3.5275 4.8536 3.8116 3.2738 2.975 3.2562 6.0827 3.2098 6.1094 
6.3005 2.5508 5.9954 6.5429 3.1606 6.4537 3.5275 6.473 3.3711 3.7485 3.0933 7.0315 3.5959 3.1189 6.2477 7.1201 3.4137 5.3229 2.342 2.8289 2.3923 2.8141 2.4372 2.4412 2.016 5.7569 2.6416 4.3308 4.4538 2.9015 2.8081 1.7866 2.3646 2.5264 2.5847 5.0619 3.5275 4.8536 3.8116 3.2738 2.975 3.2562 6.0827 3.2098 6.1094 
