2
31
2
0
20
0.45
0.7
200
600000001 600000032 600000056 600000036 600000069 600000057 600000050 600000003 600000078 600000037 600000023 600000015 600000083 600000040 600000008 600000059 600000075 600000034 600000030 600000068 600000038 600000006 600000009 600000004 600000018 600000082 600000060 600000055 600000028 600000013 600000062 
14.0308 62.5651 18.4142 30.3937 10.6847 24.4242 19.9514 50.7646 32.8344 137.48 43.1486 28.1916 16.5875 79.4018 5.14612 1.46522 12.1772 8.68552 76.066 28.1916 6.46329 30.9993 18.2616 10.9508 12.7285 13.4631 4.8277 21.0833 12.7741 11.988 
1 3 1 4 3 1 1 2 1 1 1 2 1 1 4 2 1 1 4 1 1 1 1 1 2 4 3 1 1 4 
1.0 0.5 
1.3817 2.3111 1.3201 1.3765 1.5802 2.7956 4.1146 1.0842 1.3866 0.6114 2.8188 1.7531 1.8281 3.5498 2.787 3.0612 1.5193 1.0994 2.2594 1.7222 3.8818 2.972 3.6384 2.2752 1.6454 0.5482 1.767 1.1448 2.7661 0.9804 
1.3817 2.3111 1.3201 1.3765 1.5802 2.7956 4.1146 1.0842 1.3866 0.6114 2.8188 1.7531 1.8281 3.5498 2.787 3.0612 1.5193 1.0994 2.2594 1.7222 3.8818 2.972 3.6384 2.2752 1.6454 0.5482 1.767 1.1448 2.7661 0.9804 
