2
76
3
0
20
0.45
0.7
300
600000001 600000035 600000015 600000016 600000048 600000003 600000034 600000077 600000033 600000058 600000064 600000081 600000056 600000009 600000030 600000080 600000045 600000060 600000041 600000054 600000024 600000037 600000006 600000040 600000063 600000019 600000051 600000082 600000010 600000031 600000013 600000043 600000023 600000028 600000055 600000049 600000076 600000026 600000073 600000062 600000072 600000069 600000065 600000032 600000067 600000014 600000038 600000047 600000018 600000061 600000059 600000050 600000008 600000083 600000011 600000068 600000042 600000039 600000079 600000017 600000005 600000057 600000025 600000052 600000029 600000078 600000021 600000044 600000046 600000027 600000002 600000020 600000066 600000071 600000004 600000036 
31.7087 43.1486 15.9656 30.3167 19.9514 12.1772 19.2899 31.6315 70.6864 12.6644 14.5859 62.5651 30.9993 8.68552 42.8075 11.4983 13.4631 43.1657 31.2587 18.709 32.8344 6.46329 16.5875 1.43388 4.23738 0.46741 12.7285 20.5659 29.2269 12.7741 28.0527 137.48 21.0833 4.8277 19.9391 23.4542 19.2899 1.21428 11.988 14.2704 30.3937 54.2405 14.0308 76.066 6.57251 28.1916 37.5535 10.9508 11.988 5.14612 24.4242 79.4018 28.1916 10.9764 76.066 20.2104 33.3665 24.8799 43.1486 4.85002 10.6847 6.22177 13.8279 11.9794 50.7646 12.3362 23.4255 7.76419 15.9702 4.51307 15.6206 33.1534 20.7354 18.2616 18.4142 
1 1 1 1 1 1 2 1 4 4 2 3 1 1 2 1 4 1 3 1 1 1 1 4 1 1 2 1 1 1 1 1 1 3 1 2 1 4 4 4 4 4 1 4 1 1 1 1 4 4 1 1 2 1 4 1 1 2 1 1 3 1 1 1 2 1 1 1 1 1 1 4 4 1 1 
1.0 0.666667 0.333333 
2.8289 6.3005 5.9376 2.103 7.5963 3.0431 3.4137 2.9879 5.3229 2.9715 2.9015 2.016 6.4537 3.1189 2.975 2.4412 3.7485 2.5512 2.5264 3.5847 2.8081 7.3635 2.8378 5.9954 5.7567 4.3308 2.7431 6.473 3.0933 6.2477 2.673 3.8116 3.2105 2.7551 1.5173 5.7049 3.2562 1.7866 3.5275 1.9254 2.8141 2.9908 2.9628 2.4372 5.9731 2.7319 2.3646 5.7569 3.5275 6.2245 1.3482 7.0315 2.9821 6.0827 2.4372 2.5847 2.6806 3.2738 5.9942 7.2477 5.0619 3.5959 2.6416 3.084 3.1606 4.8536 2.3923 2.342 3.3711 6.1094 5.0837 2.5508 2.0761 7.1201 3.2098 
2.8289 6.3005 5.9376 2.103 7.5963 3.0431 3.4137 2.9879 5.3229 2.9715 2.9015 2.016 6.4537 3.1189 2.975 2.4412 3.7485 2.5512 2.5264 3.5847 2.8081 7.3635 2.8378 5.9954 5.7567 4.3308 2.7431 6.473 3.0933 6.2477 2.673 3.8116 3.2105 2.7551 1.5173 5.7049 3.2562 1.7866 3.5275 1.9254 2.8141 2.9908 2.9628 2.4372 5.9731 2.7319 2.3646 5.7569 3.5275 6.2245 1.3482 7.0315 2.9821 6.0827 2.4372 2.5847 2.6806 3.2738 5.9942 7.2477 5.0619 3.5959 2.6416 3.084 3.1606 4.8536 2.3923 2.342 3.3711 6.1094 5.0837 2.5508 2.0761 7.1201 3.2098 
