2
56
2
0
20
0.45
0.7
300
600000001 600000002 600000006 600000016 600000058 600000029 600000052 600000026 600000032 600000005 600000083 600000031 600000080 600000050 600000023 600000014 600000054 600000036 600000027 600000011 600000018 600000078 600000067 600000019 600000059 600000037 600000064 600000060 600000039 600000061 600000025 600000028 600000062 600000038 600000040 600000013 600000035 600000073 600000055 600000066 600000043 600000017 600000069 600000041 600000046 600000048 600000008 600000065 600000057 600000033 600000051 600000082 600000022 600000049 600000020 600000010 
4.51307 6.46329 15.9656 70.6864 11.9794 13.8279 19.2899 14.0308 4.85002 28.1916 29.2269 42.8075 24.4242 137.48 6.57251 31.2587 18.4142 15.9702 10.9764 10.9508 50.7646 76.066 4.23738 5.14612 32.8344 12.6644 13.4631 33.3665 11.988 6.22177 21.0833 11.988 28.1916 16.5875 12.7741 31.7087 1.21428 4.8277 33.1534 28.0527 43.1486 30.3937 43.1657 7.76419 30.3167 79.4018 54.2405 10.6847 31.6315 0.46741 12.7285 4.07894 19.9391 15.6206 20.5659 
1 1 1 4 1 1 1 1 1 2 1 2 1 1 1 3 1 1 1 1 2 4 1 4 1 4 4 1 4 1 1 4 1 1 1 1 4 3 4 1 1 4 1 1 1 1 4 3 1 1 2 1 1 1 1 
1.0 0.5 
0.911 1.811 0.84 1.523 3.599 4.149 3.291 3.581 1.695 4.036 3.687 3.48 5.079 3.0 0.51 3.908 3.52 3.242 0.446 1.095 3.367 4.459 1.084 1.111 3.67 3.476 2.937 3.825 3.099 3.204 3.388 3.099 4.005 4.111 0.244 3.646 5.059 4.05 4.124 4.278 0.858 3.659 3.935 4.222 4.508 1.456 4.308 1.356 3.804 2.537 3.928 2.17 4.926 1.688 1.258 
0.911 1.811 0.84 1.523 3.599 4.149 3.291 3.581 1.695 4.036 3.687 3.48 5.079 3.0 0.51 3.908 3.52 3.242 0.446 1.095 3.367 4.459 1.084 1.111 3.67 3.476 2.937 3.825 3.099 3.204 3.388 3.099 4.005 4.111 0.244 3.646 5.059 4.05 4.124 4.278 0.858 3.659 3.935 4.222 4.508 1.456 4.308 1.356 3.804 2.537 3.928 2.17 4.926 1.688 1.258 
