2
66
1
0
20
0.45
0.7
300
600000001 600000066 600000077 600000065 600000024 600000028 600000002 600000035 600000015 600000036 600000073 600000072 600000020 600000033 600000070 600000006 600000067 600000064 600000014 600000061 600000016 600000037 600000003 600000031 600000021 600000005 600000057 600000080 600000022 600000050 600000044 600000011 600000076 600000010 600000041 600000025 600000018 600000040 600000055 600000038 600000039 600000013 600000069 600000083 600000068 600000027 600000079 600000026 600000030 600000078 600000043 600000047 600000009 600000081 600000059 600000060 600000034 600000082 600000042 600000023 600000017 600000071 600000058 600000063 600000046 600000062 
33.1534 19.2899 54.2405 18.709 21.0833 4.51307 31.7087 43.1486 18.4142 1.21428 14.2704 15.6206 31.6315 18.7494 6.46329 76.066 12.6644 6.57251 11.988 15.9656 32.8344 19.9514 29.2269 12.3362 4.85002 10.6847 42.8075 4.07894 24.4242 23.4255 10.9764 23.4542 20.5659 43.1657 6.22177 10.9508 16.5875 4.8277 28.1916 33.3665 12.7741 30.3937 28.1916 76.066 15.9702 24.8799 19.2899 8.68552 50.7646 28.0527 37.5535 30.9993 14.5859 5.14612 13.4631 12.1772 12.7285 20.2104 137.48 43.1486 20.7354 70.6864 1.43388 7.76419 11.988 
4 2 4 1 1 1 1 1 1 4 4 1 1 4 1 4 4 1 4 1 1 1 1 1 1 3 2 1 1 1 1 2 1 1 1 1 1 3 1 1 1 4 2 4 1 2 1 1 2 1 1 1 2 4 4 1 2 1 1 1 4 4 4 1 4 
1.0 
2.7109 2.0458 2.9456 1.2954 1.956 1.5882 2.2151 1.9166 1.827 3.4677 2.9827 0.4544 2.3737 2.8873 2.7586 2.7663 2.0766 1.4927 1.3431 1.4424 2.2392 2.9914 2.3246 1.3893 2.6428 0.9738 2.0801 1.7247 3.4873 2.4992 1.6023 1.5457 1.8437 2.4329 1.7716 1.3975 2.7113 2.6501 2.6053 2.425 1.7673 2.2596 2.6739 2.7663 1.5619 1.8252 1.9285 1.9825 2.005 2.8372 2.5665 1.9733 2.4096 1.5951 1.7879 2.0262 2.5662 2.6665 1.8511 1.6198 2.9577 1.8952 1.5149 2.5297 1.3431 
2.7109 2.0458 2.9456 1.2954 1.956 1.5882 2.2151 1.9166 1.827 3.4677 2.9827 0.4544 2.3737 2.8873 2.7586 2.7663 2.0766 1.4927 1.3431 1.4424 2.2392 2.9914 2.3246 1.3893 2.6428 0.9738 2.0801 1.7247 3.4873 2.4992 1.6023 1.5457 1.8437 2.4329 1.7716 1.3975 2.7113 2.6501 2.6053 2.425 1.7673 2.2596 2.6739 2.7663 1.5619 1.8252 1.9285 1.9825 2.005 2.8372 2.5665 1.9733 2.4096 1.5951 1.7879 2.0262 2.5662 2.6665 1.8511 1.6198 2.9577 1.8952 1.5149 2.5297 1.3431 
