2
76
2
0
20
0.45
0.7
300
600000001 600000072 600000045 600000061 600000048 600000014 600000083 600000029 600000071 600000013 600000032 600000070 600000047 600000034 600000063 600000057 600000023 600000062 600000065 600000017 600000054 600000064 600000079 600000036 600000060 600000044 600000021 600000006 600000051 600000081 600000004 600000039 600000042 600000026 600000052 600000033 600000005 600000028 600000077 600000059 600000011 600000076 600000018 600000058 600000035 600000040 600000025 600000030 600000067 600000073 600000055 600000041 600000037 600000050 600000015 600000027 600000010 600000002 600000082 600000075 600000068 600000022 600000069 600000003 600000016 600000031 600000066 600000080 600000038 600000009 600000056 600000043 600000008 600000024 600000020 600000019 
14.2704 11.4983 11.988 30.3167 6.57251 28.1916 11.9794 20.7354 12.7741 14.0308 18.7494 37.5535 12.1772 1.43388 10.6847 137.48 11.988 54.2405 43.1486 31.2587 12.6644 24.8799 18.4142 13.4631 23.4255 12.3362 6.46329 0.46741 14.5859 18.2616 33.3665 20.2104 19.2899 13.8279 31.6315 4.85002 21.0833 19.2899 5.14612 10.9764 23.4542 10.9508 70.6864 31.7087 16.5875 6.22177 8.68552 76.066 1.21428 4.8277 43.1657 32.8344 24.4242 43.1486 15.9702 20.5659 4.51307 12.7285 1.46522 76.066 4.07894 30.3937 19.9514 15.9656 29.2269 33.1534 42.8075 28.1916 30.9993 62.5651 28.0527 79.4018 18.709 15.6206 4.23738 
4 1 4 1 1 2 1 4 1 1 4 1 1 4 3 1 4 4 1 3 4 2 1 4 1 1 1 1 2 1 1 1 1 1 1 1 1 2 4 1 2 1 4 1 1 1 1 4 4 3 1 1 1 1 1 1 1 2 2 4 1 4 1 1 1 4 2 1 1 3 1 1 1 1 1 
1.0 0.5 
2.9827 2.479 1.3431 2.9 1.4927 2.6739 2.2372 2.9577 1.7673 1.8887 2.8873 2.5665 2.0262 1.5149 0.9738 1.8511 1.3431 2.9456 1.6198 2.4622 2.0766 1.8252 1.827 1.7879 2.4992 1.3893 2.7586 1.4396 2.4096 2.5152 2.425 2.6665 1.9285 2.749 2.3737 2.6428 1.956 2.0458 1.5951 1.6023 1.5457 1.3975 1.8952 2.2151 2.7113 1.7716 1.9825 2.7663 3.4677 2.6501 2.4329 2.2392 3.4873 1.9166 1.5619 1.8437 1.5882 2.5662 2.0624 2.7663 1.7247 2.2596 2.9914 1.4424 2.3246 2.7109 2.0801 2.6053 1.9733 3.0029 2.8372 2.4266 1.2954 0.4544 1.1274 
2.9827 2.479 1.3431 2.9 1.4927 2.6739 2.2372 2.9577 1.7673 1.8887 2.8873 2.5665 2.0262 1.5149 0.9738 1.8511 1.3431 2.9456 1.6198 2.4622 2.0766 1.8252 1.827 1.7879 2.4992 1.3893 2.7586 1.4396 2.4096 2.5152 2.425 2.6665 1.9285 2.749 2.3737 2.6428 1.956 2.0458 1.5951 1.6023 1.5457 1.3975 1.8952 2.2151 2.7113 1.7716 1.9825 2.7663 3.4677 2.6501 2.4329 2.2392 3.4873 1.9166 1.5619 1.8437 1.5882 2.5662 2.0624 2.7663 1.7247 2.2596 2.9914 1.4424 2.3246 2.7109 2.0801 2.6053 1.9733 3.0029 2.8372 2.4266 1.2954 0.4544 1.1274 
