2
46
1
0
20
0.45
0.7
300
600000001 600000022 600000016 600000029 600000015 600000081 600000072 600000080 600000065 600000011 600000030 600000019 600000014 600000003 600000073 600000024 600000057 600000017 600000034 600000048 600000005 600000038 600000037 600000032 600000028 600000046 600000059 600000054 600000004 600000039 600000068 600000008 600000067 600000045 600000023 600000079 600000049 600000047 600000044 600000042 600000010 600000062 600000027 600000002 600000051 600000031 
4.07894 15.9656 11.9794 43.1486 14.5859 14.2704 42.8075 54.2405 10.9764 8.68552 4.23738 6.57251 19.9514 1.21428 18.709 10.6847 43.1486 12.1772 30.3167 4.85002 28.1916 32.8344 14.0308 21.0833 7.76419 5.14612 31.2587 18.2616 33.3665 76.066 79.4018 76.066 11.4983 137.48 24.8799 19.9391 37.5535 23.4255 20.2104 20.5659 11.988 15.9702 4.51307 0.46741 29.2269 
1 1 1 1 2 4 2 4 1 1 1 1 1 4 1 3 1 1 1 1 1 1 1 1 1 4 3 1 1 4 1 4 1 1 2 1 1 1 1 1 4 1 1 1 1 
1.0 
2.17 0.84 3.599 0.51 3.772 4.574 3.48 4.308 0.446 3.382 1.084 0.51 2.044 5.059 3.0 1.356 0.858 3.719 4.508 1.695 4.005 3.67 3.581 3.388 4.222 1.111 3.908 1.567 3.825 4.459 1.456 4.459 4.172 3.0 3.257 4.926 4.259 4.155 4.066 1.258 3.099 3.242 0.911 2.537 3.687 
2.17 0.84 3.599 0.51 3.772 4.574 3.48 4.308 0.446 3.382 1.084 0.51 2.044 5.059 3.0 1.356 0.858 3.719 4.508 1.695 4.005 3.67 3.581 3.388 4.222 1.111 3.908 1.567 3.825 4.459 1.456 4.459 4.172 3.0 3.257 4.926 4.259 4.155 4.066 1.258 3.099 3.242 0.911 2.537 3.687 
