1
56
5
0
20
0.45
0.7
300
600000001 600000017 600000038 600000045 600000028 600000026 600000065 600000031 600000019 600000078 600000003 600000082 600000042 600000008 600000083 600000025 600000005 600000006 600000041 600000021 600000013 600000050 600000062 600000079 600000004 600000020 600000075 600000018 600000049 600000014 600000054 600000057 600000056 600000071 600000066 600000037 600000069 600000060 600000061 600000047 600000024 600000009 600000064 600000063 600000040 600000023 600000070 600000076 600000032 600000081 600000051 600000029 600000044 600000030 600000033 600000043 
43.1486 28.1916 11.4983 21.0833 19.2899 54.2405 29.2269 4.23738 50.7646 19.9514 12.7285 20.2104 79.4018 28.1916 6.22177 4.85002 6.46329 43.1657 12.3362 12.7741 24.4242 11.988 24.8799 18.2616 15.6206 1.46522 10.9508 19.9391 6.57251 31.2587 10.6847 62.5651 20.7354 33.1534 32.8344 30.3937 13.4631 11.988 37.5535 18.709 30.9993 12.6644 1.43388 16.5875 137.48 18.7494 23.4542 14.0308 14.5859 0.46741 11.9794 23.4255 8.68552 31.6315 28.0527 
1 1 1 1 1 4 1 1 2 1 2 1 1 2 1 1 1 1 1 1 1 4 2 1 1 2 1 1 1 3 3 3 4 4 1 4 4 4 1 1 1 4 4 1 1 4 2 1 2 1 1 1 1 1 1 
1.0 0.8 0.6 0.4 0.2 
5.9942 2.7319 2.4412 3.2105 3.2562 2.9908 3.0933 5.7567 3.1606 7.5963 2.7431 2.5847 7.0315 2.9821 3.5959 7.2477 7.3635 2.5512 4.8536 6.2477 1.3482 3.5275 3.2738 7.1201 5.0837 6.5429 5.7569 1.5173 5.9731 2.5264 5.0619 2.016 2.0761 2.5508 2.8081 2.8141 3.7485 3.5275 2.3646 3.5847 6.4537 2.9715 5.9954 2.8378 3.8116 2.7266 5.7049 2.9628 2.9015 4.3308 3.084 2.3923 3.1189 2.9879 2.673 
5.9942 2.7319 2.4412 3.2105 3.2562 2.9908 3.0933 5.7567 3.1606 7.5963 2.7431 2.5847 7.0315 2.9821 3.5959 7.2477 7.3635 2.5512 4.8536 6.2477 1.3482 3.5275 3.2738 7.1201 5.0837 6.5429 5.7569 1.5173 5.9731 2.5264 5.0619 2.016 2.0761 2.5508 2.8081 2.8141 3.7485 3.5275 2.3646 3.5847 6.4537 2.9715 5.9954 2.8378 3.8116 2.7266 5.7049 2.9628 2.9015 4.3308 3.084 2.3923 3.1189 2.9879 2.673 
