2
46
1
0
20
0.45
0.7
300
600000001 600000057 600000016 600000066 600000071 600000019 600000059 600000048 600000061 600000058 600000055 600000023 600000003 600000049 600000010 600000013 600000032 600000076 600000021 600000025 600000063 600000041 600000024 600000080 600000043 600000056 600000005 600000031 600000082 600000040 600000002 600000008 600000068 600000042 600000083 600000035 600000050 600000009 600000004 600000067 600000081 600000065 600000070 600000060 600000075 600000029 
10.6847 15.9656 33.1534 20.7354 4.23738 5.14612 30.3167 11.988 70.6864 4.8277 137.48 19.9514 19.9391 20.5659 12.7741 14.0308 23.4542 12.3362 6.22177 1.43388 43.1657 18.709 42.8075 28.0527 62.5651 4.85002 29.2269 12.7285 16.5875 4.51307 79.4018 76.066 20.2104 28.1916 31.7087 24.4242 30.9993 18.2616 76.066 14.5859 54.2405 18.7494 13.4631 1.46522 11.9794 
3 1 4 4 1 4 1 4 4 3 1 1 1 1 1 1 2 1 1 4 1 1 2 1 3 1 1 2 1 1 1 4 1 2 1 1 1 1 4 2 4 4 4 2 1 
1.0 
0.9738 1.4424 2.7109 2.9577 1.1274 1.5951 2.9 1.3431 1.8952 2.6501 1.8511 2.9914 3.3345 1.8437 1.7673 1.8887 1.5457 1.3893 1.7716 1.5149 2.4329 1.2954 2.0801 2.8372 3.0029 2.6428 2.3246 2.5662 2.7113 1.5882 2.4266 2.7663 2.6665 2.6739 2.2151 3.4873 1.9733 2.5152 2.7663 2.4096 2.9456 2.8873 1.7879 2.0624 2.2372 
0.9738 1.4424 2.7109 2.9577 1.1274 1.5951 2.9 1.3431 1.8952 2.6501 1.8511 2.9914 3.3345 1.8437 1.7673 1.8887 1.5457 1.3893 1.7716 1.5149 2.4329 1.2954 2.0801 2.8372 3.0029 2.6428 2.3246 2.5662 2.7113 1.5882 2.4266 2.7663 2.6665 2.6739 2.2151 3.4873 1.9733 2.5152 2.7663 2.4096 2.9456 2.8873 1.7879 2.0624 2.2372 
