1
66
7
0
20
0.45
0.7
300
600000001 600000049 600000005 600000024 600000070 600000056 600000057 600000020 600000009 600000082 600000036 600000030 600000071 600000040 600000041 600000052 600000027 600000017 600000073 600000015 600000050 600000069 600000008 600000021 600000043 600000067 600000081 600000055 600000031 600000080 600000058 600000006 600000075 600000035 600000048 600000014 600000061 600000032 600000026 600000034 600000042 600000019 600000078 600000044 600000059 600000033 600000063 600000039 600000079 600000023 600000065 600000010 600000062 600000003 600000013 600000072 600000077 600000066 600000028 600000029 600000046 600000037 600000004 600000064 600000022 600000054 
19.9391 4.85002 18.709 18.7494 62.5651 10.6847 15.6206 30.9993 12.7285 18.4142 8.68552 20.7354 16.5875 43.1657 13.8279 15.9702 43.1486 1.21428 43.1486 24.4242 30.3937 79.4018 12.3362 28.0527 76.066 14.5859 4.8277 29.2269 42.8075 70.6864 6.46329 1.46522 31.7087 30.3167 6.57251 11.988 14.0308 19.2899 12.1772 20.2104 4.23738 50.7646 23.4255 5.14612 31.6315 1.43388 33.3665 24.8799 137.48 54.2405 20.5659 11.988 19.9514 12.7741 14.2704 19.2899 33.1534 21.0833 11.9794 7.76419 32.8344 18.2616 12.6644 4.07894 31.2587 
1 1 1 4 3 3 1 1 2 1 1 4 1 1 1 1 1 4 1 1 4 1 1 1 4 2 3 1 2 4 1 2 1 1 1 4 1 1 1 1 1 2 1 4 1 4 1 2 1 4 1 4 1 1 4 2 4 1 1 1 1 1 4 1 3 
1.0 0.857143 0.714286 0.571429 0.428571 0.285714 0.142857 
1.5173 7.2477 3.5847 2.7266 2.016 5.0619 5.0837 6.4537 2.7431 3.2098 3.1189 2.0761 2.8378 2.5512 2.6416 3.3711 5.9942 1.7866 6.3005 1.3482 2.8141 7.0315 4.8536 2.673 2.4372 2.9015 2.7551 3.0933 2.975 5.3229 7.3635 6.5429 2.8289 2.103 5.9731 3.5275 2.9628 3.2562 3.0431 2.5847 5.7567 3.1606 2.3923 6.2245 2.9879 5.9954 2.6806 3.2738 3.8116 2.9908 6.473 3.5275 7.5963 6.2477 1.9254 3.4137 2.5508 3.2105 3.084 2.342 2.8081 7.1201 2.9715 4.4538 2.5264 
1.5173 7.2477 3.5847 2.7266 2.016 5.0619 5.0837 6.4537 2.7431 3.2098 3.1189 2.0761 2.8378 2.5512 2.6416 3.3711 5.9942 1.7866 6.3005 1.3482 2.8141 7.0315 4.8536 2.673 2.4372 2.9015 2.7551 3.0933 2.975 5.3229 7.3635 6.5429 2.8289 2.103 5.9731 3.5275 2.9628 3.2562 3.0431 2.5847 5.7567 3.1606 2.3923 6.2245 2.9879 5.9954 2.6806 3.2738 3.8116 2.9908 6.473 3.5275 7.5963 6.2477 1.9254 3.4137 2.5508 3.2105 3.084 2.342 2.8081 7.1201 2.9715 4.4538 2.5264 
