1
56
5
0
20
0.45
0.7
300
600000001 600000010 600000065 600000039 600000045 600000043 600000042 600000023 600000050 600000054 600000004 600000011 600000040 600000081 600000046 600000064 600000021 600000072 600000044 600000058 600000018 600000017 600000022 600000078 600000002 600000027 600000048 600000075 600000077 600000009 600000034 600000047 600000068 600000006 600000069 600000083 600000033 600000055 600000079 600000008 600000030 600000032 600000038 600000019 600000036 600000060 600000014 600000025 600000051 600000056 600000070 600000028 600000003 600000080 600000076 600000061 
20.5659 54.2405 33.3665 11.4983 28.0527 20.2104 137.48 24.4242 31.2587 18.2616 10.9764 16.5875 14.5859 7.76419 12.6644 12.3362 14.2704 23.4255 70.6864 10.9508 43.1486 4.07894 50.7646 4.51307 15.9702 30.3167 1.46522 19.2899 30.9993 12.1772 37.5535 76.066 6.46329 30.3937 28.1916 31.6315 4.8277 24.8799 79.4018 8.68552 14.0308 28.1916 4.23738 18.4142 13.4631 6.57251 6.22177 0.46741 62.5651 18.7494 21.0833 19.9514 42.8075 23.4542 11.988 
1 4 1 1 1 1 1 1 3 1 1 1 2 1 4 1 4 1 4 1 1 1 2 1 1 1 2 2 1 1 1 4 1 4 2 1 3 2 1 1 1 1 1 1 4 1 1 1 3 4 1 1 2 2 4 
1.0 0.8 0.6 0.4 0.2 
1.8437 2.9456 2.425 2.479 2.8372 2.6665 1.8511 3.4873 2.4622 2.5152 1.6023 2.7113 2.4096 2.5297 2.0766 1.3893 2.9827 2.4992 1.8952 1.3975 1.6198 1.7247 2.005 1.5882 1.5619 2.9 2.0624 2.0458 1.9733 2.0262 2.5665 2.7663 2.7586 2.2596 2.6739 2.3737 2.6501 1.8252 2.4266 1.9825 1.8887 2.6053 1.1274 1.827 1.7879 1.4927 1.7716 1.4396 3.0029 2.8873 1.956 2.9914 2.0801 1.5457 1.3431 
1.8437 2.9456 2.425 2.479 2.8372 2.6665 1.8511 3.4873 2.4622 2.5152 1.6023 2.7113 2.4096 2.5297 2.0766 1.3893 2.9827 2.4992 1.8952 1.3975 1.6198 1.7247 2.005 1.5882 1.5619 2.9 2.0624 2.0458 1.9733 2.0262 2.5665 2.7663 2.7586 2.2596 2.6739 2.3737 2.6501 1.8252 2.4266 1.9825 1.8887 2.6053 1.1274 1.827 1.7879 1.4927 1.7716 1.4396 3.0029 2.8873 1.956 2.9914 2.0801 1.5457 1.3431 
